100000000
1000000000
1210938
1277747
1277748
1277749
1277750
1277751
1277752
1277753
1277754
1277755
1277756
1277757
1277758
1277759
1277760
1277761
1277762
1277763
1277764
1277765
1277766
1277767
1277768
1277769
1277770
1277771
1277772
1277773
1277774
1277775
1277776
1277777
1277778
1277779
1277780
1277781
1277782
1277783
1277784
1277785
1277786
1277787
1277788
1277789
1277790
1277791
1277792
1277793
1277794
1277795
1340682
1340683
1340684
1340685
1340686
1340687
1340688
1340689
1340690
1340691
1340692
1340693
1340694
1340695
1340696
1340697
1340698
1340699
1340700
1340701
1340702
1340703
1340704
1340705
1340706
1340707
1340708
1340709
1340710
1340711
1340712
1340713
1340714
1340715
1340716
1340717
1340718
1340719
1340720
1340721
1340722
1340723
1340724
1340725
1340726
1340727
1340728
1340729
1340730
1340731
1340732
1340733
1340734
1340735
1340736
1340737
1340738
1340739
1340740
1340741
1340742
1340743
1340744
1340745
1340746
1340747
1340748
1340749
1340750
1340751
1340752
1340753
1340754
1340755
1340756
1340757
1340758
1340759
1340760
1340761
1340762
1340763
1340764
1340765
1340766
1340767
1340768
1340769
1340770
1340771
1340772
1340773
1340774
1340775
1340776
1340777
1340778
1340779
1340780
1340781
1340782
1340783
1340784
1340785
1340786
1340787
1340788
1340789
1340790
1340791
1340792
1340793
1340794
1340795
1340796
1340797
1340798
1340799
1340800
1340801
1340802
1340803
1340804
1340805
1340806
1340807
1340808
1340809
1340810
1340811
1340812
1340813
1340814
1340815
1340816
1340817
1340818
1340819
1340820
1340821
1340822
1340823
1340824
1340825
1340826
1340827
1340828
1340829
1340830
1340831
1340832
1340833
1340834
1340835
1340836
1340837
1340838
1340839
1340840
1340841
1340842
1340843
1340844
1340845
1340846
1340847
1340848
1340849
1340850
1340851
1340852
1340853
1340854
1340855
1340856
1340857
1340858
1340859
1340860
1340861
1340862
1340863
1340864
1340865
1340866
1340867
1340868
1340869
1340870
1340871
1340872
1340873
1340874
1340875
1340876
1340877
1340878
1340879
1340880
1340881
1340882
1340883
1340884
1340885
1340886
1340887
1340888
1340889
1340890
1340891
1340892
1340893
1340894
1340895
1340896
1340897
1340898
1340899
1340900
1340901
1340902
1340903
1340904
1340905
1340906
1340907
1340908
1340909
1340910
1340911
1340912
1340913
1340914
1340915
1340916
1340917
1340918
1340919
1340920
1340921
1340922
1340923
1340924
1340925
1340926
1340927
1340928
1340929
1340930
1340931
1340932
1340933
1340934
1340935
1340936
1340937
1340938
1340939
1340940
1340941
1340942
1340943
1340944
1340945
1340946
1340947
1340948
1340949
1340950
1340951
1340952
1340953
1340954
1340955
1340956
1340957
1340958
1340959
1340960
1340961
1340962
1340963
1340964
1340965
1340966
1340967
1340968
1340969
1340970
1340971
1340972
1340973
1340974
1340975
1340976
1340977
1340978
1340979
1340980
1340981
1340982
1340983
1340984
1340985
1340986
1340987
1340988
1340989
1340990
1340991
1340992
1340993
1340994
1340995
1340996
1340997
1340998
1340999
1341000
1341001
1341002
1341003
1341004
1341005
1341006
1341007
1341008
1341009
1341010
1341011
1341012
1341013
1341014
1341015
1341016
1341017
1341018
1341019
1341020
1341021
1341022
1341023
1341024
1341025
1341026
1341027
1341028
1341029
1341030
1341031
1341032
1341033
1341034
1341035
1341036
1341037
1341038
1341039
1341040
1341041
1341042
1341043
1341044
1341045
1341046
1341047
1341048
1341049
1341050
1341051
1341052
1341053
1341054
1341055
1341056
1341057
1341058
1341059
1341060
1341061
1341062
1341063
1341064
1341065
1341066
1341067
1341068
1341069
1341070
1341071
1341072
1341073
1341074
1341075
1341076
1341077
1341078
1341079
1341080
1341081
1341082
1341083
1341084
1341085
1341086
1341087
1341088
1341089
1341090
1341091
1341092
1341093
1341094
1341095
1341096
1341097
1341098
1341099
1341100
1341101
1341102
1341103
1341104
1341105
1341106
1341107
1341108
1341109
1341110
1341111
1341112
1341113
1341114
1341115
1341116
1341117
1341118
1341119
1341120
1341121
1341122
1341123
1341124
1341125
1341126
1341127
1341128
1341129
1341130
1341131
1341132
1341133
1341134
1341135
1341136
1341137
1341138
1341139
1341140
1341141
1341142
1341143
1341144
1341145
1341146
1341147
1341148
1341149
1341150
1341151
1341152
1341153
1341154
1341155
1341156
1341157
1341158
1341159
1341160
1341161
1341162
1341163
1341164
1341165
1341166
1341167
1341168
1341169
1341170
1341171
1341172
1341173
1341174
1341175
1341176
1341177
1341178
1341179
1341180
1341181
1341182
1341183
1341184
1341185
1341186
1341187
1341188
1341189
1341190
1341191
1341192
1341193
1341194
1341195
1341196
1341197
1341198
1341199
1341200
1341201
1341202
1341203
1341204
1341205
1341206
1341207
1341208
1341209
1341210
1341211
1341212
1341213
1341214
1341215
1341216
1341217
1341218
1341219
1341220
1341221
1341222
1341223
1341224
1341225
1341226
1341227
1341228
1341229
1341230
1341231
1341232
1341233
1341234
1341235
1341236
1341237
1341238
1341239
1341240
1341241
1341242
1341243
1341244
1341245
1341246
1341247
1341248
1341249
1341250
1341251
1341252
1341253
1341254
1341255
1341256
1341257
1341258
1341259
1341260
1341261
1341262
1341263
1341264
1341265
1341266
1341267
1341268
1341269
1341270
1341271
1341272
1341273
1341274
1341275
1341276
1341277
1341278
1341279
1341280
1341281
1341282
1341283
1341284
1341285
1341286
1341287
1341288
1341289
1341290
1341291
1341292
1341293
1341294
1341295
1341296
1341297
1341298
1341299
1341300
1341301
1341302
1341303
1341304
1341305
1341306
1341307
1341308
1341309
1341310
1341311
1341312
1341313
1341314
1341315
1341316
1341317
1341318
1341319
1341320
1341321
1341322
1341323
1341324
1341325
1341326
1341327
1341328
1341329
1341330
1341331
1341332
1341333
1341334
1341335
1341336
1341337
1341338
1341339
1341340
1341341
1341342
1341343
1341344
1341345
1341346
1341347
1341348
1341349
1341350
1341351
1341352
1341353
1341354
1341355
1341356
1341357
1341358
1341359
1341360
1341361
1341362
1341363
1341364
1341365
1341366
1341367
1341368
1341369
1341370
1341371
1341372
1341373
1341374
1341375
1341376
1341377
1341378
1341379
1341380
1341381
1341382
1341383
1341384
1341385
1341386
1341387
1341388
1341389
1341390
1341391
1341392
1341393
1341394
1341395
1341396
1341397
1341398
1341399
1341400
1341401
1341402
1341403
1341404
1341405
1341406
1341407
1341408
1341409
1341410
1341411
1341412
1341413
1341414
1341415
1341416
1341417
1341418
1341419
1341420
1341421
1341422
1341423
1341424
1341425
1341426
1341427
1341428
1341429
1341430
1341431
1341432
1341433
1341434
1341435
1341436
1341437
1341438
1341439
1341440
1341441
1341442
1341443
1341444
1341445
1341446
1341447
1341448
1341449
1341450
1341451
1341452
1341453
1341454
1341455
1341456
1341457
1341458
1341459
1341460
1341461
1341462
1341463
1341464
1341465
1341466
1341467
1341468
1341469
1341470
1341471
1341472
1341473
1341474
1341475
1341476
1341477
1341478
1341479
1341480
1341481
1341482
1341483
1341484
1341485
1341486
1341487
1341488
1341489
1341490
1341491
1341492
1341493
1341494
1341495
1341496
1341497
1341498
1341499
1341500
1341501
1341502
1341503
1341504
1341505
1341506
1341507
1341508
1341509
1341510
1341511
1341512
1341513
1341514
1341515
1341516
1341517
1341518
1341519
1341520
1341521
1341522
1341523
1341524
1341525
1341526
1341527
1341528
1341529
1341530
1341531
1341532
1341533
1341534
1341535
1341536
1341537
1341538
1341539
1341540
1341541
1341542
1341543
1341544
1341545
1341546
1341547
1341548
1341549
1341550
1341551
1341552
1341553
1341554
1341555
1341556
1341557
1341558
1341559
1341560
1341561
1341562
1341563
1341564
1341565
1341566
1341567
1341568
1341569
1341570
1341571
1341572
1341573
1341574
1341575
1341576
1341577
1341578
1341579
1341580
1341581
1341582
1341583
1341584
1341585
1341586
1341587
1341588
1341589
1341590
1341591
1341592
1341593
1341594
1341595
1341596
1341597
1341598
1341599
1341600
1341601
1341602
1341603
1341604
1341605
1341606
1341607
1341608
1341609
1341610
1341611
1341612
1341613
1341614
1341615
1341616
1341617
1341618
1341619
1341620
1341621
1341622
1341623
1341624
1341625
1341626
1341627
1341628
1341629
1341630
1341631
1341632
1341633
1341634
1341635
1341636
1341637
1341638
1341639
1341640
1341641
1341642
1341643
1341644
1341645
1341646
1341647
1341648
1341649
1341650
1341651
1341652
1341653
1341654
1341655
1341656
1341657
1341658
1341659
1341660
1341661
1341662
1341663
1341664
1341665
1341666
1341667
1341668
1341669
1341670
1341671
1341672
1341673
1341674
1341675
1341676
1341677
1341678
1341679
1341680
1341681
1341682
1341683
1341684
1341685
1341686
1341687
1341688
1341689
1341690
1341691
1341692
1341693
1341694
1341695
1341696
1341697
1341698
1341699
1341700
1341701
1341702
1341703
1341704
1341705
1341706
1341707
1341708
1341709
1341710
1341711
1341712
1341713
1341714
1341715
1341716
1341717
1341718
1341719
1341720
1341721
1341722
1341723
1341724
1341725
1341726
1341727
1341728
1341729
1341730
1341731
1341732
1341733
1341734
1341735
1341736
1341737
1341738
1341739
1341740
1341741
1341742
1341743
1341744
1341745
1341746
1341747
1341748
1341749
1341750
1341751
1341752
1341753
1341754
1341755
1341756
1341757
1341758
1341759
1341760
1341761
1341762
1341763
1341764
1341765
1341766
1341767
1341768
1341769
1341770
1341771
1341772
1341773
1341774
1341775
1341776
1341777
1341778
1341779
1341780
1341781
1341782
1341783
1341784
1341785
1341786
1341787
1341788
1341789
1341790
1341791
1341792
1341793
1341794
1341795
1341796
1341797
1341798
1341799
1341800
1341801
1341802
1341803
1341804
1341805
1341806
1341807
1341808
1341809
1341810
1341811
1341812
1341813
1341814
1341815
1341816
1341817
1341818
1341819
1341820
1341821
1341822
1341823
1341824
1341825
1341826
1341827
1341828
1341829
1341830
1341831
1341832
1341833
1341834
1341835
1341836
1341837
1341838
1341839
1341840
1341841
1341842
1341843
1341844
1341845
1341846
1341847
1341848
1341849
1341850
1341851
1341852
1341853
1341854
1341855
1341856
1341857
1341858
1341859
1341860
1341861
1341862
1341863
1341864
1341865
1341866
1341867
1341868
1341869
1341870
1341871
1341872
1341873
1341874
1341875
1341876
1341877
1341878
1341879
1341880
1341881
1341882
1341883
1341884
1341885
1341886
1341887
1341888
1341889
1341890
1341891
1341892
1341893
1341894
1341895
1341896
1341897
1341898
1341899
1341900
1341901
1341902
1341903
1341904
1341905
1341906
1341907
1341908
1341909
1341910
1341911
1341912
1341913
1341914
1341915
1341916
1341917
1341918
1341919
1341920
1341921
1341922
1341923
1341924
1341925
1341926
1341927
1341928
1341929
1341930
1341931
1341932
1341933
1341934
1341935
1341936
1341937
1341938
1341939
1341940
1341941
1341942
1341943
1341944
1341945
1341946
1341947
1341948
1341949
1341950
1341951
1341952
1341953
1341954
1341955
1341956
1341957
1341958
1341959
1341960
1341961
1341962
1341963
1341964
1341965
1341966
1341967
1341968
1341969
1341970
1341971
1341972
1341973
1341974
1341975
1341976
1341977
1341978
1341979
1341980
1341981
1341982
1341983
1341984
1341985
1341986
1341987
1341988
1341989
1341990
1341991
1341992
1341993
1341994
1341995
1341996
1341997
1341998
1341999
1342000
1342001
1342002
1342003
1342004
1342005
1342006
1342007
1342008
1342009
1342010
1342011
1342012
1342013
1342014
1342015
1342016
1342017
1342018
1342019
1342020
1342021
1342022
1342023
1342024
1342025
1342026
1342027
1342028
1342029
1342030
1342031
1342032
1342033
1342034
1342035
1342036
1342037
1342038
1342039
1342040
1342041
1342042
1342043
1342044
1342045
1342046
1342047
1342048
1342049
1342050
1342051
1342052
1342053
1342054
1342055
1342056
1342057
1342058
1342059
1342060
1342061
1342062
1342063
1342064
1342065
1342066
1342067
1342068
1342069
1342070
1342071
1342072
1342073
1342074
1342075
1342076
1342077
1342078
1342079
1342080
1342081
1342082
1342083
1342084
1342085
1342086
1342087
1342088
1342089
1342090
1342091
1342092
1342093
1342094
1342095
1342096
1342097
1342098
1342099
1342100
1342101
1342102
1342103
1342104
1342105
1342106
1342107
1342108
1342109
1342110
1342111
1342112
1342113
1342114
1342115
1342116
1342117
1342118
1342119
1342120
1342121
1342122
1342123
1342124
1342125
1342126
1342127
1342128
1342129
1342130
1342131
1342132
1342133
1342134
1342135
1342136
1342137
1342138
1342139
1342140
1342141
1342142
1342143
1342144
1342145
1342146
1342147
1342148
1342149
1342150
1342151
1342152
1342153
1342154
1342155
1342156
1342157
1342158
1342159
1342160
1342161
1342162
1342163
1342164
1342165
1342166
1342167
1342168
1342169
1342170
1342171
1342172
1342173
1342174
1342175
1342176
1342177
1342178
1342179
1342180
1342181
1342182
1342183
1342184
1342185
1342186
1342187
1342188
1342189
1342190
1342191
1342192
1342193
1342194
1342195
1342196
1342197
1342198
1342199
1342200
1342201
1342202
1342203
1342204
1342205
1342206
1342207
1342208
1342209
1342210
1342211
1342212
1342213
1342214
1342215
1342216
1342217
1342218
1342219
1342220
1342221
1342222
1342223
1342224
1342225
1342226
1342227
1342228
1342229
1342230
1342231
1342232
1342233
1342234
1342235
1342236
1342237
1342238
1342239
1342240
1342241
1342242
1342243
1342244
1342245
1342246
1342247
1342248
1342249
1342250
1342251
1342252
1342253
1342254
1342255
1342256
1342257
1342258
1342259
1342260
1342261
1342262
1342263
1342264
1342265
1342266
1342267
1342268
1342269
1342270
1342271
1342272
1342273
1342274
1342275
1342276
1342277
1342278
1342279
1342280
1342281
1342282
1342283
1342284
1342285
1342286
1342287
1342288
1342289
1342290
1342291
1342292
1342293
1342294
1342295
1342296
1342297
1342298
1342299
1342300
1342301
1342302
1342303
1342304
1342305
1342306
1342307
1342308
1342309
1342310
1342311
1342312
1342313
1342314
1342315
1342316
1342317
1342318
1342319
1342320
1342321
1342322
1342323
1342324
1342325
1342326
1342327
1342328
1342329
1342330
1342331
1342332
1342333
1342334
1342335
1342336
1342337
1342338
1342339
1342340
1342341
1342342
1342343
1342344
1342345
1342346
1342347
1342348
1342349
1342350
1342351
1342352
1342353
1342354
1342355
1342356
1342357
1342358
1342359
1342360
1342361
1342362
1342363
1342364
1342365
1342366
1342367
1342368
1342369
1342370
1342371
1342372
1342373
1342374
1342375
1342376
1342377
1342378
1342379
1342380
1342381
1342382
1342383
1342384
1342385
1342386
1342387
1342388
1342389
1342390
1342391
1342392
1342393
1342394
1342395
1342396
1342397
1342398
1342399
1342400
1342401
1342402
1342403
1342404
1342405
1342406
1342407
1342408
1342409
1342410
1342411
1342412
1342413
1342414
1342415
1342416
1342417
1342418
1342419
1342420
1342421
1342422
1342423
1342424
1342425
1342426
1342427
1342428
1342429
1342430
1342431
1342432
1342433
1342434
1342435
1342436
1342437
1342438
1342439
1342440
1342441
1342442
1342443
1342444
1342445
1342446
1342447
1342448
1342449
1342450
1342451
1342452
1342453
1342454
1342455
1342456
1342457
1342458
1342459
1342460
1342461
1342462
1342463
1342464
1342465
1342466
1342467
1342468
1342469
1342470
1342471
1342472
1342473
1342474
1342475
1342476
1342477
1342478
1342479
1342480
1342481
1342482
1342483
1342484
1342485
1342486
1342487
1342488
1342489
1342490
1342491
1342492
1342493
1342494
1342495
1342496
1342497
1342498
1342499
1342500
1342501
1342502
1342503
1342504
1342505
1342506
1342507
1342508
1342509
1342510
1342511
1342512
1342513
1342514
1342515
1342516
1342517
1342518
1342519
1342520
1342521
1342522
1342523
1342524
1342525
1342526
1342527
1342528
1342529
1342530
1342531
1342532
1342533
1342534
1342535
1342536
1342537
1342538
1342539
1342540
1342541
1342542
1342543
1342544
1342545
1342546
1342547
1342548
1342549
1342550
1342551
1342552
1342553
1342554
1342555
1342556
1342557
1342558
1342559
1342560
1342561
1342562
1342563
1342564
1342565
1342566
1342567
1342568
1342569
1342570
1342571
1342572
1342573
1342574
1342575
1342576
1342577
1342578
1342579
1342580
1342581
1342582
1342583
1342584
1342585
1342586
1342587
1342588
1342589
1342590
1342591
1342592
1342593
1342594
1342595
1342596
1342597
1342598
1342599
1342600
1342601
1342602
1342603
1342604
1342605
1342606
1342607
1342608
1342609
1342610
1342611
1342612
1342613
1342614
1342615
1342616
1342617
1342618
1342619
1342620
1342621
1342622
1342623
1342624
1342625
1342626
1342627
1342628
1342629
1342630
1342631
1342632
1342633
1342634
1342635
1342636
1342637
1342638
1342639
1342640
1342641
1342642
1342643
1342644
1342645
1342646
1342647
1342648
1342649
1342650
1342651
1342652
1342653
1342654
1342655
1342656
1342657
1342658
1342659
1342660
1342661
1342662
1342663
1342664
1342665
1342666
1342667
1342668
1342669
1342670
1342671
1342672
1342673
1342674
1342675
1342676
1342677
1342678
1342679
1342680
1342681
1342682
1342683
1342684
1342685
1342686
1342687
1342688
1342689
1342690
1342691
1342692
1342693
1342694
1342695
1342696
1342697
1342698
1342699
1342700
1342701
1342702
1342703
1342704
1342705
1342706
1342707
1342708
1342709
1342710
1342711
1342712
1342713
1342714
1342715
1342716
1342717
1342718
1342719
1342720
1342721
1342722
1342723
1342724
1342725
1342726
1342727
1342728
1342729
1342730
1342731
1342732
1342733
1342734
1342735
1342736
1342737
1342738
1342739
1342740
1342741
1342742
1342743
1342744
1342745
1342746
1342747
1342748
1342749
1342750
1342751
1342752
1342753
1342754
1342755
1342756
1342757
1342758
1342759
1342760
1342761
1342762
1342763
1342764
1342765
1342766
1342767
1342768
1342769
1342770
1342771
1342772
1342773
1342774
1342775
1342776
1342777
1342778
1342779
1342780
1342781
1342782
1342783
1342784
1342785
1342786
1342787
1342788
1342789
1342790
1342791
1342792
1342793
1342794
1342795
1342796
1342797
1342798
1342799
1342800
1342801
1342802
1342803
1342804
1342805
1342806
1342807
1342808
1342809
1342810
1342811
1342812
1342813
1342814
1342815
1342816
1342817
1342818
1342819
1342820
1342821
1342822
1342823
1342824
1342825
1342826
1342827
1342828
1342829
1342830
1342831
1342832
1342833
1342834
1342835
1342836
1342837
1342838
1342839
1342840
1342841
1342842
1342843
1342844
1342845
1342846
1342847
1342848
1342849
1342850
1342851
1342852
1342853
1342854
1342855
1342856
1342857
1342858
1342859
1342860
1342861
1342862
1342863
1342864
1342865
1342866
1342867
1342868
1342869
1342870
1342871
1342872
1342873
1342874
1342875
1342876
1342877
1342878
1342879
1342880
1342881
1342882
1342883
1342884
1342885
1342886
1342887
1342888
1342889
1342890
1342891
1342892
1342893
1342894
1342895
1342896
1342897
1342898
1342899
1342900
1342901
1342902
1342903
1342904
1342905
1342906
1342907
1342908
1342909
1342910
1342911
1342912
1342913
1342914
1342915
1342916
1342917
1342918
1342919
1342920
1342921
1342922
1342923
1342924
1342925
1342926
1342927
1342928
1342929
1342930
1342931
1342932
1342933
1342934
1342935
1342936
1342937
1342938
1342939
1342940
1342941
1342942
1342943
1342944
1342945
1342946
1342947
1342948
1342949
1342950
1342951
1342952
1342953
1342954
1342955
1342956
1342957
1342958
1342959
1342960
1342961
1342962
1342963
1342964
1342965
1342966
1342967
1342968
1342969
1342970
1342971
1342972
1342973
1342974
1342975
1342976
1342977
1342978
1342979
1342980
1342981
1342982
1342983
1342984
1342985
1342986
1342987
1342988
1342989
1342990
1342991
1342992
1342993
1342994
1342995
1342996
1342997
1342998
1342999
1343000
1343001
1343002
1343003
1343004
1343005
1343006
1343007
1343008
1343009
1343010
1343011
1343012
1343013
1343014
1343015
1343016
1343017
1343018
1343019
1343020
1343021
1343022
1343023
1343024
1343025
1343026
1343027
1343028
1343029
1343030
1343031
1343032
1343033
1343034
1343035
1343036
1343037
1343038
1343039
1343040
1343041
1343042
1343043
1343044
1343045
1343046
1343047
1343048
1343049
1343050
1343051
1343052
1343053
1343054
1343055
1343056
1343057
1343058
1343059
1343060
1343061
1343062
1343063
1343064
1343065
1343066
1343067
1343068
1343069
1343070
1343071
1343072
1343073
1343074
1343075
1343076
1343077
1343078
1343079
1343080
1343081
1343082
1343083
1343084
1343085
1343086
1343087
1343088
1343089
1343090
1343091
1343092
1343093
1343094
1343095
1343096
1343097
1343098
1343099
1343100
1343101
1343102
1343103
1343104
1343105
1343106
1343107
1343108
1343109
1343110
1343111
1343112
1343113
1343114
1343115
1343116
1343117
1343118
1343119
1343120
1343121
1343122
1343123
1343124
1343125
1343126
1343127
1343128
1343129
1343130
1343131
1343132
1343133
1343134
1343135
1343136
1343137
1343138
1343139
1343140
1343141
1343142
1343143
1343144
1343145
1343146
1343147
1343148
1343149
1343150
1343151
1343152
1343153
1343154
1343155
1343156
1343157
1343158
1343159
1343160
1343161
1343162
1343163
1343164
1343165
1343166
1343167
1343168
1343169
1343170
1343171
1343172
1343173
1343174
1343175
1343176
1343177
1343178
1343179
1343180
1343181
1343182
1343183
1343184
1343185
1343186
1343187
1343188
1343189
1343190
1343191
1343192
1343193
1343194
1343195
1343196
1343197
1343198
1343199
1343200
1343201
1343202
1343203
1343204
1343205
1343206
1343207
1343208
1343209
1343210
1343211
1343212
1343213
1343214
1343215
1343216
1343217
1343218
1343219
1343220
1343221
1343222
1343223
1343224
1343225
1343226
1343227
1343228
1343229
1343230
1343231
1343232
1343233
1343234
1343235
1343236
1343237
1343238
1343239
1343240
1343241
1343242
1343243
1343244
1343245
1343246
1343247
1343248
1343249
1343250
1343251
1343252
1343253
1343254
1343255
1343256
1343257
1343258
1343259
1343260
1343261
1343262
1343263
1343264
1343265
1343266
1343267
1343268
1343269
1343270
1343271
1343272
1343273
1343274
1343275
1343276
1343277
1343278
1343279
1343280
1343281
1343282
1343283
1343284
1343285
1343286
1343287
1343288
1343289
1343290
1343291
1343292
1343293
1343294
1343295
1343296
1343297
1343298
1343299
1343300
1343301
1343302
1343303
1343304
1343305
1343306
1343307
1343308
1343309
1343310
1343311
1343312
1343313
1343314
1343315
1343316
1343317
1343318
1343319
1343320
1343321
1343322
1343323
1343324
1343325
1343326
1343327
1343328
1343329
1343330
1343331
1343332
1343333
1343334
1343335
1343336
1343337
1343338
1343339
1343340
1343341
1343342
1343343
1343344
1343345
1343346
1343347
1343348
1343349
1343350
1343351
1343352
1343353
1343354
1343355
1343356
1343357
1343358
1343359
1343360
1343361
1343362
1343363
1343364
1343365
1343366
1343367
1343368
1343369
1343370
1343371
1343372
1343373
1343374
1343375
1343376
1343377
1343378
1343379
1343380
1343381
1343382
1343383
1343384
1343385
1343386
1343387
1343388
1343389
1343390
1343391
1343392
1343393
1343394
1343395
1343396
1343397
1343398
1343399
1343400
1343401
1343402
1343403
1343404
1343405
1343406
1343407
1343408
1343409
1343410
1343411
1343412
1343413
1343414
1343415
1343416
1343417
1343418
1343419
1343420
1343421
1343422
1343423
1343424
1343425
1343426
1343427
1343428
1343429
1343430
1343431
1343432
1343433
1343434
1343435
1343436
1343437
1343438
1343439
1343440
1343441
1343442
1343443
1343444
1343445
1343446
1343447
1343448
1343449
1343450
1343451
1343452
1343453
1343454
1343455
1343456
1343457
1343458
1343459
1343460
1343461
1343462
1343463
1343464
1343465
1343466
1343467
1343468
1343469
1343470
1343471
1343472
1343473
1343474
1343475
1343476
1343477
1343478
1343479
1343480
1343481
1343482
1343483
1343484
1343485
1343486
1343487
1343488
1343489
1343490
1343491
1343492
1343493
1343494
1343495
1343496
1343497
1343498
1343499
1343500
1343501
1343502
1343503
1343504
1343505
1343506
1343507
1343508
1343509
1343510
1343511
1343512
1343513
1343514
1343515
1343516
1343517
1343518
1343519
1343520
1343521
1343522
1343523
1343524
1343525
1343526
1343527
1343528
1343529
1343530
1343531
1343532
1343533
1343534
1343535
1343536
1343537
1343538
1343539
1343540
1343541
1343542
1343543
1343544
1343545
1343546
1343547
1343548
1343549
1343550
1343551
1343552
1343553
1343554
1343555
1343556
1343557
1343558
1343559
1343560
1343561
1343562
1343563
1343564
1343565
1343566
1343567
1343568
1343569
1343570
1343571
1343572
1343573
1343574
1343575
1343576
1343577
1343578
1343579
1343580
1343581
1343582
1343583
1343584
1343585
1343586
1343587
1343588
1343589
1343590
1343591
1343592
1343593
1343594
1343595
1343596
1343597
1343598
1343599
1343600
1343601
1343602
1343603
1343604
1343605
1343606
1343607
1343608
1343609
1343610
1343611
1343612
1343613
1343614
1343615
1343616
1343617
1343618
1343619
1343620
1343621
1343622
1343623
1343624
1343625
1343626
1343627
1343628
1343629
1343630
1343631
1343632
1343633
1343634
1343635
1343636
1343637
1343638
1343639
1343640
1343641
1343642
1343643
1343644
1343645
1343646
1343647
1343648
1343649
1343650
1343651
1343652
1343653
1343654
1343655
1343656
1343657
1343658
1343659
1343660
1343661
1343662
1343663
1343664
1343665
1343666
1343667
1343668
1343669
1343670
1343671
1343672
1343673
1343674
1343675
1343676
1343677
1343678
1343679
1343680
1343681
1343682
1343683
1343684
1343685
1343686
1343687
1343688
1343689
1343690
1343691
1343692
1343693
1343694
1343695
1343696
1343697
1343698
1343699
1343700
1343701
1343702
1343703
1343704
1343705
1343706
1343707
1343708
1343709
1343710
1343711
1343712
1343713
1343714
1343715
1343716
1343717
1343718
1343719
1343720
1343721
1343722
1343723
1343724
1412796
1412800
2019559
2019563
2019564
2019565
2019566
2019567
2136297
2241813
2278939
2418638
3092430
3092431
3092432
3092433
3092434
3092435
3092436
3092437
3092438
3092439
3092440
3092441
3092442
3092443
3092444
3092445
3092446
3092447
3092448
3092449
3092450
3092451
3092452
3092453
3092454
3092455
3092456
3092457
3092458
3092459
3092460
3092461
3092462
3092463
3092464
3092465
3092466
3092467
3092468
3092469
3092470
3092471
3092472
3092473
3092474
3092475
3092476
3092477
3092478
3092479
3092480
3092481
3092482
3092483
313100
3209466
3209467
3209468
3209469
3209470
3209471
3209472
3209473
3248019
3336061
3668907
3669597
3688146
3689497
3689620
3689626
3689662
3720384
3772974
3772975
3772976
3772977
3772978
3772979
3772980
3772981
3772982
3772983
3772984
3772985
3772986
3772987
3772988
3772989
3772990
3772991
3772992
3772993
3772994
3772995
3772996
3772997
3772998
3772999
3773000
3773001
3773002
3773003
3773004
3773005
3773006
3773007
3773008
3773009
3773010
3773011
3773012
3773013
3773014
3773015
3773016
3773017
3773018
3773019
3773020
3773021
3773022
3773023
3773024
3773025
3773026
3773027
3773028
3773029
3773030
3773031
3773032
3773033
3773034
3773035
3773036
3773037
3773038
3773039
3773040
3773041
3773042
3773043
3773044
3773045
3773046
3773047
3773048
3773049
3773050
3773051
3773052
3773053
3773054
3773055
3773056
3773057
3773058
3773059
3773060
3773061
3773062
3773063
3773064
3773065
3773066
3773067
3773068
3773069
3773070
3773071
3773072
3773073
3773074
3773075
3773076
3773077
3773078
3773079
3773080
3773081
3773082
3773083
3773084
3773085
3773086
3773087
3773088
3773089
3773090
3773091
3773092
3773093
3773094
3773095
3773096
3773097
3773098
3773099
3773100
3773101
3773102
3773103
3773104
3773105
3773106
3773107
3773108
3773109
3773110
3773111
3773112
3773113
3773114
3773115
3773116
3773117
3773118
3773119
3773120
3773121
3773122
3773123
3773124
3773125
3773126
3773127
3773128
3773129
3773130
3773131
3773132
3773133
3773134
3773135
3773136
3773137
3773138
3773139
3773140
3773141
3773142
3773143
3773144
3773145
3773146
3773147
3773148
3773149
3773150
3773151
3773152
3773153
3773154
3773155
3773156
3773157
3773158
3773159
3773160
3773161
3773162
3773163
3773164
3773165
3773166
3773167
3773168
3773169
3773170
3773171
3773172
3773173
3773174
3773175
3773176
3773177
3773178
3773179
3773180
3773181
3773182
3773183
3773184
3773185
3773186
3773187
3773188
3773189
3773190
3773191
3773192
3773193
402355
4254869
608835
965441
965477
965529
chrom1	100000000
chrom2	100000000
100000000
100000000
