100000000
1000000000
1530978
1530979
1530980
1530981
1530982
1530983
1530984
1530985
1530986
1530987
1530988
1530989
1530990
1530991
1530992
1530993
1530994
1530995
1530996
1530997
1530998
1530999
1531000
1531001
1531002
1531003
1531004
1531005
1531006
1531007
1531008
1531009
1531010
1531011
1531012
1531013
1531014
1531015
1531016
1531017
1531018
1531019
1531020
1531021
1531022
1531023
1531024
1531025
1531026
1531027
1531028
1531029
1531030
1531031
1531032
1531033
1531034
1531035
1531036
1531037
1531038
1531039
1531040
1531041
1531042
1531043
1531044
1531045
1531046
1531047
1531048
1531049
1531050
1531051
1531052
1531053
1531054
1531055
1531056
1531057
1531058
1531059
1531060
1531061
1531062
1531063
1531064
1531065
1531066
1531067
1531068
1531069
1531070
1531071
1531072
1531073
1531074
1531075
1531076
1531077
1531078
1531079
1531080
1531081
1531082
1531083
1531084
1531085
1531086
1531087
1531088
1531089
1531090
1531091
1531092
1531093
1531094
1531095
1531096
1531097
1531098
1531099
1531100
1531101
1531102
1531103
1531104
1531105
1531106
1531107
1531108
1531109
1531110
1531111
1531112
1531113
1531114
1531115
1531116
1531117
1531118
1531119
1531120
1531121
1531122
1531123
1531124
1531125
1531126
1531127
1531128
1531129
1531130
1531131
1531132
1531133
1531134
1531135
1531136
1531137
1531138
1531139
1531140
1531141
1531142
1531143
1531144
1531145
1531146
1531147
1531148
1531149
1531150
1531151
1531152
1531153
1531154
1531155
1531156
1531157
1531158
1531159
1531160
1531161
1531162
1531163
1531164
1531165
1531166
1531167
1531168
1531169
1531170
1531171
1531172
1531173
1531174
1531175
1531176
1531177
1531178
1531179
1531180
1531181
1531182
1531183
1531184
1531185
1531186
1531187
1531188
1531189
1531190
1531191
1531192
1531193
1531194
1531195
1531196
1531197
1531198
1865539
2154164
2154165
2154166
2154167
2154168
2154169
2154170
2154171
2154172
2154173
2154174
2154175
2154176
2154177
2154178
2154179
2154180
2154181
2154182
2154183
2154184
2154185
2154186
2154187
2154188
2154189
2154190
2154191
2154192
2154193
2154194
2154195
2154196
2241813
2280343
3196284
3196285
3196286
3196287
3196288
3248019
3513312
3826330
3841405
3841406
3841407
3841408
3841409
3841410
3841411
3841412
3841413
3841414
3841415
3841416
3841417
3841418
3841419
3841420
3841421
3841422
3841423
3841424
3841425
3841426
3841427
3841428
3841429
3841430
3841431
3841432
3841433
3841434
3841435
3841436
3841437
3841438
3841439
3841440
3841441
3841442
3841443
3841444
3841445
3841446
3841447
3841448
3841449
3841450
3841451
3841452
3841453
3841454
3841455
3841456
3841457
3841458
3841459
3841460
3841461
3841462
3841463
3841464
3841465
3841466
3841467
3841468
3841469
3841470
3841471
3841472
3841473
3841474
3841475
3841476
3841477
3841478
3841479
3841480
3841481
3841482
3841483
3841484
3841485
3841486
3841487
3841488
3841489
3841490
3841491
3841492
3841493
3841494
3841495
3841496
3841497
3841498
3841499
3841500
3841501
3841502
3841503
3841504
3841505
3841506
3841507
3841508
3841509
3841510
3841511
3841512
3841513
3841514
3841515
3841516
3841517
3841518
3841519
3841520
3841521
3841522
3841523
3841524
3841525
3841526
3841527
3841528
3841529
3841530
3841531
3841532
3841533
3841534
3841535
3841536
3841537
3841538
3841539
3841540
3841541
3841542
3841543
3841544
3841545
3841546
3841547
3841548
3841549
3841550
3841551
chrom1	100000000
chrom2	100000000
100000000
100000000
