100000000
1000000000
1097084
1343724
1412857
1531581
1531582
1531583
1531584
1531585
1864889
1864938
2157500
2278939
2278940
2278941
2278942
2278943
2278944
2278945
2278946
2278947
2278948
2278949
2278950
2278951
2278952
2278953
2278954
2278955
2278956
2278957
2278958
2278959
2278960
2280094
2280095
2280096
2280097
2280098
2280099
2280100
2280101
2280102
2280103
2280104
2280105
2280106
2280107
2280108
2280109
2280110
2280111
2280112
2280113
2280114
2280115
2280116
2280117
2280118
2280119
2280120
2280121
2280122
2280123
2280124
2280125
2280126
2280127
2280128
2280129
2280130
2280131
2280132
2280133
2280134
2280135
2280136
2280137
2280138
2280139
2280140
2280141
2280142
2280143
2280144
2280145
2280146
2280147
2280148
2280149
2280150
2280151
2280152
2280153
2280154
2280155
2280156
2280157
2280158
2280159
2280160
2280161
2280162
2280163
2280164
2280165
2280166
2280167
2280168
2280169
2280170
2280171
2280172
2280173
2280174
2280175
2280176
2280177
2280178
2280179
2280180
2280181
2280182
2280183
2280184
2280185
2280186
2280187
2280188
2280189
2280190
2280191
2280192
2280193
2280194
2280195
2280196
2280197
2280198
2280199
2280200
2280201
2280202
2280203
2280204
2280205
2280206
2280207
2280208
2280209
2280210
2280211
2280212
2280213
2280214
2280215
2280216
2280217
2280218
2280219
2280220
2280221
2280222
2280223
2280224
2280225
2280226
2280227
2280228
2280229
2280230
2280231
2280232
2280233
2280234
2280235
2280236
2280237
2280238
2280239
2280240
2280241
2280242
2280243
2280244
2280245
2280246
2280247
2280248
2280249
2280250
2280251
2280252
2280253
2280254
2280255
2280256
2280257
2280258
2280259
2280260
2280261
2280262
2280263
2280264
2280265
2280266
2280267
2280268
2280269
2280270
2280271
2280272
2280273
2280274
2280275
2280276
2280277
2280278
2280279
2280280
2280281
2280282
2280283
2280284
2280285
2280286
2280287
2280288
2280289
2280290
2280291
2280292
2280293
2280294
2280295
2280296
2280297
2280298
2280299
2280300
2280301
2280302
2280303
2280304
2280305
2280306
2280307
2280308
2280309
2280310
2280311
2280312
2280313
2280314
2280315
2280316
2280317
2280318
2280319
2280320
2280321
2280322
2280323
2280324
2280325
2280326
2280327
2280328
2280329
2280330
2280331
2280332
2280333
2280334
2280335
2280336
2280337
2280338
2280339
2280340
2280341
2280342
2280343
2320121
2321315
2769033
3189219
3189275
3189331
3189387
3333886
3513312
3687892
3687893
3687894
3687895
3687896
3687897
3687898
3687899
3687900
3687901
3687902
3687903
3687904
3687905
3687906
3687907
3687908
3687909
3687910
3687911
3687912
3687913
3687914
3687915
3687916
3687917
3687918
3687919
3687920
3687921
3687922
3687923
3687924
3687925
3687926
3687927
3687928
3687929
3687930
3687931
3687932
3687933
3687934
3687935
3687936
3687937
3687938
3687939
3687940
3687941
3687942
3687943
3687944
3687945
3687946
3687947
3687948
3687949
3687950
3687951
3687952
3687953
3687954
3687955
3687956
3687957
3687958
3687959
3687960
3687961
3687962
3687963
3687964
3687965
3687966
3687967
3687968
3687969
3687970
3687971
3687972
3687973
3687974
3687975
3687976
3687977
3687978
3687979
3687980
3687981
3687982
3687983
3687984
3687985
3687986
3687987
3687988
3687989
3687990
3687991
3687992
3687993
3687994
3687995
3687996
3687997
3687998
3687999
3688000
3688001
3688002
3688003
3688004
3688005
3688006
3688007
3688008
3688009
3688010
3688011
3688012
3688013
3688014
3688015
3688016
3688017
3688018
3688019
3688020
3688021
3688022
3688023
3688024
3688025
3688026
3688027
3688028
3688029
3688030
3688031
3688032
3688033
3688034
3688035
3688036
3688037
3688038
3688039
3688040
3688041
3688042
3688043
3688044
3688045
3688046
3688047
3688048
3688049
3688050
3688051
3688052
3688053
3688054
3688055
3688056
3688057
3688058
3688059
3688060
3688061
3688062
3688063
3688064
3688065
3688066
3688067
3688068
3688069
3688070
3688071
3688072
3688073
3688074
3688075
3688076
3688077
3688078
3688079
3688080
3688081
3688082
3688083
3688084
3688085
3688086
3688087
3688088
3688089
3688090
3688091
3688092
3688093
3688094
3688095
3688096
3688097
3688098
3688099
3688100
3688101
3688102
3688103
3688104
3688105
3688106
3688107
3688108
3688109
3688110
3688111
3688112
3688113
3688114
3688115
3688116
3688117
3688118
3688119
3688120
3688121
3688122
3688123
3688124
3688125
3688126
3688127
3688128
3688129
3688130
3688131
3688132
3688133
3688134
3688135
3688136
3688137
3688138
3688139
3688140
3688141
3688142
3688143
3688144
3688145
3688146
3688147
3688148
3688149
3688150
3688151
3688152
3688153
3688154
3688155
3688156
3688157
3688158
3688159
3688160
3688161
3688162
3688163
3688164
3688165
3688166
3688167
3688168
3688169
3688170
3688171
3688172
3688173
3688174
3688175
3688176
3688177
3688178
3688179
3688180
3688181
3688182
3688183
3688184
3688185
3688186
3688187
3688188
3688189
3688190
3688191
3688192
3688193
3688194
3688195
3688196
3688197
3688198
3688199
3688200
3688201
3688202
3688203
3688204
3688205
3688206
3688207
3688208
3688209
3688210
3688211
3688212
3688213
3688214
3688215
3688216
3688217
3688218
3688219
3688220
3688221
3688222
3688223
3688224
3688225
3688226
3688227
3688228
3688229
3688230
3688231
3688232
3688233
3688234
3688235
3688236
3688237
3688238
3688239
3688240
3688241
3688242
3688243
3688244
3688245
3688246
3688247
3688248
3688249
3688250
3688251
3688252
3688253
3688254
3688255
3688256
3688257
3688258
3688259
3688260
3688261
3688262
3688263
3688264
3688265
3688266
3688267
3688268
3688269
3688270
3688271
3688272
3688273
3688274
3688275
3688276
3688277
3688278
3688279
3688280
3688281
3688282
3688283
3688284
3688285
3688286
3688287
3688288
3688289
3688290
3688291
3688292
3688293
3688294
3688295
3688296
3688297
3688298
3688299
3688300
3688301
3688302
3688303
3688304
3688305
3688306
3688307
3688308
3688309
3688310
3688311
3688312
3688313
3688314
3688315
3688316
3688317
3688318
3688319
3688320
3688321
3688322
3688323
3688324
3688325
3688326
3688327
3688328
3688329
3688330
3688331
3688332
3688333
3688334
3688335
3688336
3688337
3688338
3688339
3688340
3688341
3688342
3688343
3688344
3688345
3688346
3688347
3688348
3688349
3688350
3688351
3688352
3688353
3688354
3688355
3688356
3688357
3688358
3688359
3688360
3688361
3688362
3688363
3688364
3688365
3688366
3688367
3688368
3688369
3688370
3688371
3688372
3688373
3688374
3688375
3688376
3688377
3688378
3688379
3688380
3688381
3688382
3688383
3688384
3688385
3688386
3688387
3688388
3688389
3688390
3688391
3688392
3688393
3688394
3688395
3688396
3688397
3688398
3688399
3688400
3688401
3688402
3688403
3688404
3688405
3688406
3688407
3688408
3688409
3688410
3688411
3688412
3688413
3688414
3688415
3688416
3688417
3688418
3688419
3688420
3688421
3688422
3688423
3688424
3688425
3688426
3688427
3688428
3688429
3688430
3688431
3688432
3688433
3688434
3688435
3688436
3688437
3688438
3688439
3688440
3688441
3688442
3688443
3688444
3688445
3688446
3688447
3688448
3688449
3688450
3688451
3688452
3688453
3688454
3688455
3688456
3688457
3688458
3688459
3688460
3688461
3688462
3688463
3688464
3688465
3688466
3688467
3688468
3688469
3688470
3688471
3688472
3688473
3688474
3688475
3688476
3688477
3688478
3688479
3688480
3688481
3688482
3688483
3688484
3688485
3688486
3688487
3688488
3688489
3688490
3688491
3688492
3688493
3688494
3688495
3688496
3688497
3688498
3688499
3688500
3688501
3688502
3688503
3688504
3688505
3688506
3688507
3688508
3688509
3688510
3688511
3688512
3688513
3688514
3688515
3688516
3688517
3688518
3688519
3688520
3688521
3688522
3688523
3688524
3688525
3688526
3688527
3688528
3688529
3688530
3688531
3688532
3688533
3688534
3688535
3688536
3688537
3688538
3688539
3688540
3688541
3688542
3688543
3688544
3688545
3688546
3688547
3688548
3688549
3688550
3688551
3688552
3688553
3688554
3688555
3688556
3688557
3688558
3688559
3688560
3688561
3688562
3688563
3688564
3688565
3688566
3688567
3688568
3688569
3688570
3688571
3688572
3688573
3688574
3688575
3688576
3688577
3688578
3688579
3688580
3688581
3688582
3688583
3688584
3688585
3688586
3688587
3688588
3688589
3688590
3688591
3688592
3688593
3688594
3688595
3688596
3688597
3688598
3688599
3688600
3688601
3688602
3688603
3688604
3688605
3688606
3688607
3688608
3688609
3688610
3688611
3688612
3688613
3688614
3688615
3688616
3688617
3688618
3688619
3688620
3688621
3688622
3688623
3688624
3688625
3688626
3688627
3688628
3688629
3688630
3688631
3688632
3688633
3688634
3688635
3688636
3688637
3688638
3688639
3688640
3688641
3688642
3688643
3688644
3688645
3688646
3688647
3688648
3688649
3688650
3688651
3688652
3688653
3688654
3688655
3688656
3688657
3688658
3688659
3688660
3688661
3688662
3688663
3688664
3688665
3688666
3688667
3688668
3688669
3688670
3688671
3688672
3688673
3688674
3688675
3688676
3688677
3688678
3688679
3688680
3688681
3688682
3688683
3688684
3688685
3688686
3688687
3688688
3688689
3688690
3688691
3688692
3688693
3688694
3688695
3688696
3688697
3688698
3688699
3688700
3688701
3688702
3688703
3688704
3688705
3688706
3688707
3688708
3688709
3688710
3688711
3688712
3688713
3688714
3688715
3688716
3688717
3688718
3688719
3688720
3688721
3688722
3688723
3688724
3688725
3688726
3688727
3688728
3688729
3688730
3688731
3688732
3688733
3688734
3688735
3688736
3688737
3688738
3688739
3688740
3688741
3688742
3688743
3688744
3688745
3688746
3688747
3688748
3688749
3688750
3688751
3688752
3688753
3688754
3688755
3688756
3688757
3688758
3688759
3688760
3688761
3688762
3688763
3688764
3688765
3688766
3688767
3688768
3688769
3688770
3688771
3688772
3688773
3688774
3688775
3688776
3688777
3688778
3688779
3688780
3688781
3688782
3688783
3688784
3688785
3688786
3688787
3688788
3688789
3688790
3688791
3688792
3688793
3688794
3688795
3688796
3688797
3688798
3688799
3688800
3688801
3688802
3688803
3688804
3688805
3688806
3688807
3688808
3688809
3688810
3688811
3688812
3688813
3688814
3688815
3688816
3688817
3688818
3688819
3688820
3688821
3688822
3688823
3688824
3688825
3688826
3688827
3688828
3688829
3688830
3688831
3688832
3688833
3688834
3688835
3688836
3688837
3688838
3688839
3688840
3688841
3688842
3688843
3688844
3688845
3688846
3688847
3688848
3688849
3688850
3688851
3688852
3688853
3688854
3688855
3688856
3688857
3688858
3688859
3688860
3688861
3688862
3688863
3688864
3688865
3688866
3688867
3688868
3688869
3688870
3688871
3688872
3688873
3688874
3688875
3688876
3688877
3688878
3688879
3688880
3688881
3688882
3688883
3688884
3688885
3688886
3688887
3688888
3688889
3688890
3688891
3688892
3688893
3688894
3688895
3688896
3688897
3688898
3688899
3688900
3688901
3688902
3688903
3688904
3688905
3688906
3688907
3688908
3688909
3688910
3688911
3688912
3688913
3688914
3688915
3688916
3688917
3688918
3688919
3688920
3688921
3688922
3688923
3688924
3688925
3688926
3688927
3688928
3688929
3688930
3688931
3688932
3688933
3688934
3688935
3688936
3688937
3688938
3688939
3688940
3688941
3688942
3688943
3688944
3688945
3688946
3688947
3688948
3688949
3688950
3688951
3688952
3688953
3688954
3688955
3688956
3688957
3688958
3688959
3688960
3688961
3688962
3688963
3688964
3688965
3688966
3688967
3688968
3688969
3688970
3688971
3688972
3688973
3688974
3688975
3688976
3688977
3688978
3688979
3688980
3688981
3688982
3688983
3688984
3688985
3688986
3688987
3688988
3688989
3688990
3688991
3688992
3688993
3688994
3688995
3688996
3688997
3688998
3688999
3689000
3689001
3689002
3689003
3689004
3689005
3689006
3689007
3689008
3689009
3689010
3689011
3689012
3689013
3689014
3689015
3689016
3689017
3689018
3689019
3689020
3689021
3689022
3689023
3689024
3689025
3689026
3689027
3689028
3689029
3689030
3689031
3689032
3689033
3689034
3689035
3689036
3689037
3689038
3689039
3689040
3689041
3689042
3689043
3689044
3689045
3689046
3689047
3689048
3689049
3689050
3689051
3689052
3689053
3689054
3689055
3689056
3689057
3689058
3689059
3689060
3689061
3689062
3689063
3689064
3689065
3689066
3689067
3689068
3689069
3689070
3689071
3689072
3689073
3689074
3689075
3689076
3689077
3689078
3689079
3689080
3689081
3689082
3689083
3689084
3689085
3689086
3689087
3689088
3689089
3689090
3689091
3689092
3689093
3689094
3689095
3689096
3689097
3689098
3689099
3689100
3689101
3689102
3689103
3689104
3689105
3689106
3689107
3689108
3689109
3689110
3689111
3689112
3689113
3689114
3689115
3689116
3689117
3689118
3689119
3689120
3689121
3689122
3689123
3689124
3689125
3689126
3689127
3689128
3689129
3689130
3689131
3689132
3689133
3689134
3689135
3689136
3689137
3689138
3689139
3689140
3689141
3689142
3689143
3689144
3689145
3689146
3689147
3689148
3689149
3689150
3689151
3689152
3689153
3689154
3689155
3689156
3689157
3689158
3689159
3689160
3689161
3689162
3689163
3689164
3689165
3689166
3689167
3689168
3689169
3689170
3689171
3689172
3689173
3689174
3689175
3689176
3689177
3689178
3689179
3689180
3689181
3689182
3689183
3689184
3689185
3689186
3689187
3689188
3689189
3689190
3689191
3689192
3689193
3689194
3689195
3689196
3689197
3689198
3689199
3689200
3689201
3689202
3689203
3689204
3689205
3689206
3689207
3689208
3689209
3689210
3689211
3689212
3689213
3689214
3689215
3689216
3689217
3689218
3689219
3689220
3689221
3689222
3689223
3689224
3689225
3689226
3689227
3689228
3689229
3689230
3689231
3689232
3689233
3689234
3689235
3689236
3689237
3689238
3689239
3689240
3689241
3689242
3689243
3689244
3689245
3689246
3689247
3689248
3689249
3689250
3689251
3689252
3689253
3689254
3689255
3689256
3689257
3689258
3689259
3689260
3689261
3689262
3689263
3689264
3689265
3689266
3689267
3689268
3689269
3689270
3689271
3689272
3689273
3689274
3689275
3689276
3689277
3689278
3689279
3689280
3689281
3689282
3689283
3689284
3689285
3689286
3689287
3689288
3689289
3689290
3689291
3689292
3689293
3689294
3689295
3689296
3689297
3689298
3689299
3689300
3689301
3689302
3689303
3689304
3689305
3689306
3689307
3689308
3689309
3689310
3689311
3689312
3689313
3689314
3689315
3689316
3689317
3689318
3689319
3689320
3689321
3689322
3689323
3689324
3689325
3689326
3689327
3689328
3689329
3689330
3689331
3689332
3689333
3689334
3689335
3689336
3689337
3689338
3689339
3689340
3689341
3689342
3689343
3689344
3689345
3689346
3689347
3689348
3689349
3689350
3689351
3689352
3689353
3689354
3689355
3689356
3689357
3689358
3689359
3689360
3689361
3689362
3689363
3689364
3689365
3689366
3689367
3689368
3689369
3689370
3689371
3689372
3689373
3689374
3689375
3689376
3689377
3689378
3689379
3689380
3689381
3689382
3689383
3689384
3689385
3689386
3689387
3689388
3689389
3772840
3772843
4254869
624923
624924
624925
624926
624927
624928
624929
624930
624931
624932
624933
624934
624935
624936
624937
624938
624939
624940
624941
624942
624943
624944
624945
624946
624947
624948
624949
624950
624951
624952
624953
624954
624955
624956
624957
624958
624959
624960
624961
624962
624963
624964
624965
624966
624967
624968
624969
624970
624971
624972
624973
624974
624975
624976
624977
624978
624979
624980
624981
624982
624983
624984
624985
624986
624987
624988
624989
624990
624991
624992
624993
624994
624995
624996
624997
624998
624999
625000
625001
625002
625003
625004
625005
625006
625007
625008
625009
625010
625011
625012
625013
625014
625015
625016
625017
625018
625019
625020
625021
625022
625023
625024
625025
625026
625027
625028
625029
625030
625031
625032
625033
625034
625035
625036
625037
625038
625039
625040
625041
625042
625043
625044
625045
625046
625047
625048
625049
625050
625051
625052
625053
625054
625055
625056
625057
625058
625059
625060
625061
625062
625063
625064
625065
625066
625067
625068
625069
625070
625071
625072
625073
625074
625075
625076
625077
625078
625079
625080
625081
625082
625083
625084
625085
625086
625087
625088
625089
625090
625091
625092
625093
625094
625095
625096
625097
625098
625099
625100
625101
625102
625103
625104
625105
625106
625107
625108
625109
625110
625111
625112
625113
625114
625115
625116
625117
625118
625119
625120
625121
625122
625123
625124
625125
625126
625127
625128
625129
625130
625131
625132
625133
625134
625135
625136
625137
625138
625139
625140
625141
625142
625143
625144
625145
625146
625147
625148
625149
625150
625151
625152
625153
625154
625155
625156
625157
625158
625159
625160
625161
625162
625163
625164
625165
625166
625167
625168
625169
625170
625171
625172
625173
625174
625175
625176
625177
625178
625179
625180
625181
625182
625183
625184
625185
625186
625187
625188
625189
625190
625191
625192
625193
625194
625195
625196
625197
625198
625199
625200
625201
625202
625203
625204
625205
625206
625207
625208
625209
625210
625211
625212
625213
625214
625215
625216
625217
625218
625219
625220
625221
625222
625223
625224
625225
625226
625227
625228
625229
625230
625231
625232
625233
625234
625235
625236
625237
625238
625239
625240
625241
625242
625243
625244
625245
625246
783456
chrom1	100000000
chrom2	100000000
100000000
100000000
