100000000
1000000000
1170143
1279650
1343724
2241813
3064412
3248019
334008
3841415
3841416
3841417
3841418
3841419
3841420
3841421
3841422
3841423
3841424
3841425
3841426
3841427
3841428
3841429
3841430
3841431
3841432
3841433
3841434
3841435
3841436
3841437
3841438
3841439
3841440
3841441
3841442
3841443
3841444
3841445
3841446
3841447
3841448
3841449
3841450
3841451
3841452
3841453
3841454
3841455
3841456
3841457
3841458
3841459
3841460
3841461
3841462
3841463
3841464
3841465
3841466
3841467
3841468
3841469
3841470
3841471
3841472
3841473
3841474
3841475
3841476
3841477
3841478
3841479
3841480
3841481
3841482
3841483
3841484
3841485
3841486
3841487
3841488
3841489
3841490
3841491
3841492
3841493
3841494
3841495
3841496
3841497
3841498
3841499
3841500
3841501
3841502
3841503
3841504
3841505
3841506
3841507
3841508
3841509
3841510
3841511
3841512
3841513
3841514
3841515
3841516
3841517
3841518
3841519
3841520
3841521
3841522
3841523
3841524
3841525
3841526
3841527
3841528
3841529
3841530
3841531
3841532
3841533
3841534
3841535
3841536
3841537
3841538
3841539
3841540
3841541
3841542
3841543
3841544
3841545
3841546
3841547
3841548
3841549
3841550
3841551
3841552
3841553
3841554
3841555
3841556
3841557
3841558
3841559
3841560
3841561
3841562
3841563
3841564
3841565
3841566
3841567
3841568
3841569
3841570
965318
965319
965320
965321
965322
965323
965324
965325
965326
965327
965328
965329
965330
965331
965332
965333
965334
965335
965336
965337
965338
965339
965340
965341
965342
965343
965344
965345
965346
965347
965348
965349
965350
965351
965352
965353
965354
965355
965356
965357
965358
965359
965360
965361
965362
965363
965364
965365
965366
965367
965368
965369
965370
965371
965372
965373
965374
965375
965376
965377
965378
965379
965380
965381
965382
965383
965384
965385
965386
965387
965388
965389
965390
965391
965392
965393
965394
965395
965396
965397
965398
965399
965400
965401
965402
965403
965404
965405
965406
965407
965408
965409
965410
965411
965412
965413
965414
965415
965416
965417
965418
965419
965420
965421
965422
965423
965424
965425
965426
965427
965428
965429
965430
965431
965432
965433
965434
965435
965436
965437
965438
965439
965440
965441
965442
965443
965444
965445
965446
965447
965448
965449
965450
965451
965452
965453
965454
965455
965456
965457
965458
965459
965460
965461
965462
965463
965464
965465
965466
965467
965468
965469
965470
965471
965472
965473
965474
965475
965476
965477
965478
965479
965480
965481
965482
965483
965484
965485
965486
965487
965488
965489
965490
965491
965492
965493
965494
965495
965496
965497
965498
965499
965500
965501
965502
965503
965504
965505
965506
965507
965508
965509
965510
965511
965512
965513
965514
965515
965516
965517
965518
965519
965520
965521
965522
965523
965524
965525
965526
965527
965528
965529
chrom1	100000000
chrom2	100000000
100000000
100000000
