100000000
1000000000
1341385
1341386
1343724
1530862
1988780
2156957
2278939
2278940
2278941
2278942
2278943
2278944
2278945
2278946
2278947
2278948
2278949
2278950
2278951
2278952
2278953
2278954
2278955
2278956
2278957
2278958
2278959
2278960
2280094
2280095
2280096
2280097
2280098
2280099
2280100
2280101
2280102
2280103
2280104
2280105
2280106
2280107
2280108
2280109
2280110
2280111
2280112
2280113
2280114
2280115
2280116
2280117
2280118
2280119
2280120
2280121
2280122
2280123
2280124
2280125
2280126
2280127
2280128
2280129
2280130
2280131
2280132
2280133
2280134
2280135
2280136
2280137
2280138
2280139
2280140
2280141
2280142
2280143
2280144
2280145
2280146
2280147
2280148
2280149
2280150
2280151
2280152
2280153
2280154
2280155
2280156
2280157
2280158
2280159
2280160
2280161
2280162
2280163
2280164
2280165
2280166
2280167
2280168
2280169
2280170
2280171
2280172
2280173
2280174
2280175
2280176
2280177
2280178
2280179
2280180
2280181
2280182
2280183
2280184
2280185
2280186
2280187
2280188
2280189
2280190
2280191
2280192
2280193
2280194
2280195
2280196
2280197
2280198
2280199
2280200
2280201
2280202
2280203
2280204
2280205
2280206
2280207
2280208
2280209
2280210
2280211
2280212
2280213
2280214
2280215
2280216
2280217
2280218
2280219
2280220
2280221
2280222
2280223
2280224
2280225
2280226
2280227
2280228
2280229
2280230
2280231
2280232
2280233
2280234
2280235
2280236
2280237
2280238
2280239
2280240
2280241
2280242
2280243
2280244
2280245
2280246
2280247
2280248
2280249
2280250
2280251
2280252
2280253
2280254
2280255
2280256
2280257
2280258
2280259
2280260
2280261
2280262
2280263
2280264
2280265
2280266
2280267
2280268
2280269
2280270
2280271
2280272
2280273
2280274
2280275
2280276
2280277
2280278
2280279
2280280
2280281
2280282
2280283
2280284
2280285
2280286
2280287
2280288
2280289
2280290
2280291
2280292
2280293
2280294
2280295
2280296
2280297
2280298
2280299
2280300
2280301
2280302
2280303
2280304
2280305
2280306
2280307
2280308
2280309
2280310
2280311
2280312
2280313
2280314
2280315
2280316
2280317
2280318
2280319
2280320
2280321
2280322
2280323
2280324
2280325
2280326
2280327
2280328
2280329
2280330
2280331
2280332
2280333
2280334
2280335
2280336
2280337
2280338
2280339
2280340
2280341
2280342
2280343
2382223
2404485
2418553
2418638
2440366
2440367
2440368
2440369
2440370
2440371
2769033
3293333
3299971
333420
334320
334321
334322
334323
3689620
3689626
3773092
624923
624924
624925
624926
624927
624928
624929
624930
624931
624932
624933
624934
624935
624936
624937
624938
624939
624940
624941
624942
624943
624944
624945
624946
624947
624948
624949
624950
624951
624952
624953
624954
624955
624956
624957
624958
624959
624960
624961
624962
624963
624964
624965
624966
624967
624968
624969
624970
624971
624972
624973
624974
624975
624976
624977
624978
624979
624980
624981
624982
624983
624984
624985
624986
624987
624988
624989
624990
624991
624992
624993
624994
624995
624996
624997
624998
624999
625000
625001
625002
625003
625004
625005
625006
625007
625008
625009
625010
625011
625012
625013
625014
625015
625016
625017
625018
625019
625020
625021
625022
625023
625024
625025
625026
625027
625028
625029
625030
625031
625032
625033
625034
625035
625036
625037
625038
625039
625040
625041
625042
625043
625044
625045
625046
625047
625048
625049
625050
625051
625052
625053
625054
625055
625056
625057
625058
625059
625060
625061
625062
625063
625064
625065
625066
625067
625068
625069
625070
625071
625072
625073
625074
625075
625076
625077
625078
625079
625080
625081
625082
625083
625084
625085
625086
625087
625088
625089
625090
625091
625092
625093
625094
625095
625096
625097
625098
625099
625100
625101
625102
625103
625104
625105
625106
625107
625108
625109
625110
625111
625112
625113
625114
625115
625116
625117
625118
625119
625120
625121
625122
625123
625124
625125
625126
625127
625128
625129
625130
625131
625132
625133
625134
625135
625136
625137
625138
625139
625140
625141
625142
625143
625144
625145
625146
625147
625148
625149
625150
625151
625152
625153
625154
625155
625156
625157
625158
625159
625160
625161
625162
625163
625164
625165
625166
625167
625168
625169
625170
625171
625172
625173
625174
625175
625176
625177
625178
625179
625180
625181
625182
625183
625184
625185
625186
625187
625188
625189
625190
625191
625192
625193
625194
625195
625196
625197
625198
625199
625200
625201
625202
625203
625204
625205
625206
625207
625208
625209
625210
625211
625212
625213
625214
625215
625216
625217
625218
625219
625220
625221
625222
625223
625224
625225
625226
625227
625228
625229
625230
625231
625232
625233
625234
625235
625236
625237
625238
625239
625240
625241
625242
625243
625244
625245
625246
783456
chrom1	100000000
chrom2	100000000
100000000
100000000
