100000000
1000000000
1036102
1341386
1980894
1980895
1980896
1980897
1980898
1980899
1980900
1980901
1980902
1980903
1980904
1980905
1980906
1980907
1980908
1980909
1980910
1980911
1980912
1980913
1980914
1980915
1980916
1980917
1980918
1980919
1980920
1980921
1980922
1980923
1980924
1980925
1980926
1980927
1980928
1980929
1980930
1980931
1980932
1980933
1980934
1980935
1980936
1980937
1980938
1980939
1980940
1980941
1980942
1980943
1980944
1980945
1980946
1980947
1980948
1980949
1980950
1980951
1980952
1980953
1980954
1980955
1980956
1980957
1980958
1980959
1980960
1980961
1980962
1980963
1980964
1980965
1980966
1980967
1980968
1980969
1980970
1980971
1980972
1980973
1980974
1980975
1980976
1980977
1980978
1980979
1980980
1980981
1980982
1980983
1980984
1980985
1980986
1980987
1980988
1980989
1980990
1980991
1980992
1980993
1980994
1980995
1980996
1980997
1980998
1980999
1981000
1981001
1981002
1981003
1981004
1981005
1981006
1981007
1981008
1981009
1981010
1981011
1981012
1981013
1981014
1981015
1981016
1981017
1981018
1981019
1981020
1981021
1981022
1981023
1981024
1981025
1981026
1981027
1981028
1981029
1981030
1981031
1981032
1981033
1981034
1981035
1981036
1981037
1981038
1981039
1981040
1981041
1981042
1981043
1981044
1981045
1981046
1981047
1981048
1981049
1981050
1981051
1981052
1981053
1981054
1981055
1981056
1981057
1981058
1981059
1981060
1981061
1981062
1981063
1981064
1981065
1981066
1981067
1981068
1981069
1981070
1981071
1981072
1981073
1981074
1981075
1981076
1981077
1981078
1981079
1981080
1981081
1981082
1981083
1981084
1981085
1981086
1981087
1981088
1981089
1981090
1981091
1981092
1981093
1981094
1981095
1981096
1981097
1981098
1981099
1981100
1981101
1981102
1981103
1981104
1981105
1981106
1981107
1981108
1981109
1981110
1981111
1981112
1981113
1981114
1981115
1981116
1981117
1981118
1981119
1981120
1981121
1981122
1981123
1981124
1981125
1981126
1981127
1981128
1981129
1981130
1981131
1981132
1981133
1981134
1981135
1981136
1981137
1981138
1981139
1981140
1981141
1981142
1981143
1981144
1981145
1981146
1981147
1981148
1981149
1981150
1981151
1981152
1981153
1981154
1981155
1981156
1981157
1981158
1981159
1981160
1981161
1981162
1981163
1981164
1981165
1981166
1981167
1981168
1981169
1981170
1981171
1981172
1981173
1981174
1981175
1981176
1981177
1981178
1981179
1981180
1981181
1981182
1981183
1981184
1981185
1981186
1981187
1981188
1981189
1981190
1981191
1981192
1981193
1981194
1981195
1981196
1981197
1981198
1981199
1981200
1981201
1981202
1981203
1981204
1981205
1981206
1981207
1981208
1981209
1981210
1981211
1981212
1981213
1981214
1981215
1981216
1981217
1981218
1981219
1981220
1981221
1981222
1981223
1981224
1981225
1981226
1981227
1981228
1981229
1981230
1981231
1981232
1981233
1981234
1981235
1981236
1981237
1981238
1981239
1981240
1981241
1981242
1981243
1981244
1981245
1981246
1981247
1981248
1981249
1981250
1981251
1981252
1981253
1981254
1981255
1981256
1981257
1981258
1981259
1981260
1981261
1981262
1981263
1981264
1981265
1981266
1981267
1981268
1981269
1981270
1981271
1981272
1981273
1981274
1981275
1981276
1981277
1981278
1981279
1981280
1981281
1981282
1981283
1981284
1981285
1981286
1981287
1981288
1981289
1981290
1981291
1981292
1981293
1981294
1981295
1981296
1981297
1981298
1981299
1981300
1981301
1981302
1981303
1981304
1981305
1981306
1981307
1981308
1981309
1981310
1981311
1981312
1981313
1981314
1981315
1981316
1981317
1981318
1981319
1981320
1981321
1981322
1981323
1981324
1981325
1981326
1981327
1981328
1981329
1981330
1981331
1981332
1981333
1981334
1981335
1981336
1981337
1981338
1981339
1981340
1981341
1981342
1981343
1981344
1981345
1981346
1981347
1981348
1981349
1981350
1981351
1981352
1981353
1981354
1981355
1981356
1981357
1981358
1981359
1981360
1981361
1981362
1981363
1981364
1981365
1981366
1981367
1981368
1981369
1981370
1981371
1981372
1981373
1981374
1981375
1981376
1981377
1981378
1981379
1981380
1981381
1981382
1981383
1981384
1981385
1981386
1981387
1981388
1981389
1981390
1981391
1981392
1981393
1981394
1981395
1981396
1981397
1981398
1981399
1981400
1981401
1981402
1981403
1981404
1981405
1981406
1981407
1981408
1981409
1981410
1981411
1981412
1981413
1981414
1981415
1981416
1981417
1981418
1981419
1981420
1981421
1981422
1981423
1981424
1981425
1981426
1981427
1981428
1981429
1981430
1981431
1981432
1981433
1981434
1981435
1981436
1981437
1981438
1981439
1981440
1981441
1981442
1981443
1981444
1981445
1981446
1981447
1981448
1981449
1981450
1981451
1981452
1981453
1981454
1981455
1981456
1981457
1981458
1981459
1981460
1981461
1981462
1981463
1981464
1981465
1981466
1981467
1981468
1981469
1981470
1981471
1981472
1981473
1981474
1981475
1981476
1981477
1981478
1981479
1981480
1981481
1981482
1981483
1981484
1981485
1981486
1981487
1981488
1981489
1981490
1981491
1981492
1981493
1981494
1981495
1981496
1981497
1981498
1981499
1981500
1981501
1981502
1981503
1981504
1981505
1981506
1981507
1981508
1981509
1981510
1981511
1981512
1981513
1981514
1981515
1981516
1981517
1981518
1981519
1981520
1981521
1981522
1981523
1981524
1981525
1981526
1981527
1981528
1981529
1981530
1981531
1981532
1981533
1981534
1981535
1981536
1981537
1981538
1981539
1981540
1981541
1981542
1981543
1981544
1981545
1981546
1981547
1981548
1981549
1981550
1981551
1981552
1981553
1981554
1981555
1981556
1981557
1981558
1981559
1981560
1981561
1981562
1981563
1981564
1981565
1981566
1981567
1981568
1981569
1981570
1981571
1981572
1981573
1981574
1981575
1981576
1981577
1981578
1981579
1981580
1981581
1981582
1981583
1981584
1981585
1981586
1981587
1981588
1981589
1981590
1981591
1981592
1981593
1981594
1981595
1981596
1981597
1981598
1981599
1981600
1981601
1981602
1981603
1981604
1981605
1981606
1981607
1981608
1981609
1981610
1981611
1981612
1981613
1981614
1981615
1981616
1981617
1981618
1981619
1981620
1981621
1981622
1981623
1981624
1981625
1981626
1981627
1981628
1981629
1981630
1981631
1981632
1981633
1981634
1981635
1981636
1981637
1981638
1981639
1981640
1981641
1981642
1981643
1981644
1981645
1981646
1981647
1981648
1981649
1981650
1981651
1981652
1981653
1981654
1981655
1981656
1981657
1981658
1981659
1981660
1981661
1981662
1981663
1981664
1981665
1981666
1981667
1981668
1981669
1981670
1981671
1981672
1981673
1981674
1981675
1981676
1981677
1981678
1981679
1981680
1981681
1981682
1981683
1981684
1981685
1981686
1981687
1981688
1981689
1981690
1981691
1981692
1981693
1981694
1981695
1981696
1981697
1981698
1981699
1981700
1981701
1981702
1981703
1981704
1981705
1981706
1981707
1981708
1981709
1981710
1981711
1981712
1981713
1981714
1981715
1981716
1981717
1981718
1981719
1981720
1981721
1981722
1981723
1981724
1981725
1981726
1981727
1981728
1981729
1981730
1981731
1981732
1981733
1981734
1981735
1981736
1981737
1981738
1981739
1981740
1981741
1981742
1981743
1981744
1981745
1981746
1981747
1981748
1981749
1981750
1981751
1981752
1981753
1981754
1981755
1981756
1981757
1981758
1981759
1981760
1981761
1981762
1981763
1981764
1981765
1981766
1981767
1981768
1981769
1981770
1981771
1981772
1981773
1981774
1981775
1981776
1981777
1981778
1981779
1981780
1981781
1981782
1981783
1981784
1981785
1981786
1981787
1981788
1981789
1981790
1981791
1981792
1981793
1981794
1981795
1981796
1981797
1981798
1981799
1981800
1981801
1981802
1981803
1981804
1981805
1981806
1981807
1981808
1981809
1981810
1981811
1981812
1981813
1981814
1981815
1981816
1981817
1981818
1981819
1981820
1981821
1981822
1981823
1981824
1981825
1981826
1981827
1981828
1981829
1981830
1981831
1981832
1981833
1981834
1981835
1981836
1981837
1981838
1981839
1981840
1981841
1981842
1981843
1981844
1981845
1981846
1981847
1981848
1981849
1981850
1981851
1981852
1981853
1981854
1981855
1981856
1981857
1981858
1981859
1981860
1981861
1981862
1981863
1981864
1981865
1981866
1981867
1981868
1981869
1981870
1981871
1981872
1981873
1981874
1981875
1981876
1981877
1981878
1981879
1981880
1981881
1981882
1981883
1981884
1981885
1981886
1981887
1981888
1981889
1981890
1981891
1981892
1981893
1981894
1981895
1981896
1981897
1981898
1981899
1981900
1981901
1981902
1981903
1981904
1981905
1981906
1981907
1981908
1981909
1981910
1981911
1981912
1981913
1981914
1981915
1981916
1981917
1981918
1981919
1981920
1981921
1981922
1981923
1981924
1981925
1981926
1981927
1981928
1981929
1981930
1981931
1981932
1981933
1981934
1981935
1981936
1981937
1981938
1981939
1981940
1981941
1981942
1981943
1981944
1981945
1981946
1981947
1981948
1981949
1981950
1981951
1981952
1981953
1981954
1981955
1981956
1981957
1981958
1981959
1981960
1981961
1981962
1981963
1981964
1981965
1981966
1981967
1981968
1981969
1981970
1981971
1981972
1981973
1981974
1981975
1981976
1981977
1981978
1981979
1981980
1981981
1981982
1981983
1981984
1981985
1981986
1981987
1981988
1981989
1981990
1981991
1981992
1981993
1981994
1981995
1981996
1981997
1981998
1981999
1982000
1982001
1982002
1982003
1982004
1982005
1982006
1982007
1982008
1982009
1982010
1982011
1982012
1982013
1982014
1982015
1982016
1982017
1982018
1982019
1982020
1982021
1982022
1982023
1982024
1982025
1982026
1982027
1982028
1982029
1982030
1982031
1982032
1982033
1982034
1982035
1982036
1982037
1982038
1982039
1982040
1982041
1982042
1982043
1982044
1982045
1982046
1982047
1982048
1982049
1982050
1982051
1982052
1982053
1982054
1982055
1982056
1982057
1982058
1982059
1982060
1982061
1982062
1982063
1982064
1982065
1982066
1982067
1982068
1982069
1982070
1982071
1982072
1982073
1982074
1982075
1982076
1982077
1982078
1982079
1982080
1982081
1982082
1982083
1982084
1982085
1982086
1982087
1982088
1982089
1982090
1982091
1982092
1982093
1982094
1982095
1982096
1982097
1982098
1982099
1982100
1982101
1982102
1982103
1982104
1982105
1982106
1982107
1982108
1982109
1982110
1982111
1982112
1982113
1982114
1982115
1982116
1982117
1982118
1982119
1982120
1982121
1982122
1982123
1982124
1982125
1982126
1982127
1982128
1982129
1982130
1982131
1982132
1982133
1982134
1982135
1982136
1982137
1982138
1982139
1982140
1982141
1982142
1982143
1982144
1982145
1982146
1982147
1982148
1982149
1982150
1982151
1982152
1982153
1982154
1982155
1982156
1982157
1982158
1982159
1982160
1982161
1982162
1982163
1982164
1982165
1982166
1982167
1982168
1982169
1982170
1982171
1982172
1982173
1982174
1982175
1982176
1982177
1982178
1982179
1982180
1982181
1982182
1982183
1982184
1982185
1982186
1982187
1982188
1982189
1982190
1982191
1982192
1982193
1982194
1982195
1982196
1982197
1982198
1982199
1982200
1982201
1982202
1982203
1982204
1982205
1982206
1982207
1982208
1982209
1982210
1982211
1982212
1982213
1982214
1982215
1982216
1982217
1982218
1982219
1982220
1982221
1982222
1982223
1982224
1982225
1982226
1982227
1982228
1982229
1982230
1982231
1982232
1982233
1982234
1982235
1982236
1982237
1982238
1982239
1982240
1982241
1982242
1982243
1982244
1982245
1982246
1982247
1982248
1982249
1982250
1982251
1982252
1982253
1982254
1982255
1982256
1982257
1982258
1982259
1982260
1982261
1982262
1982263
1982264
1982265
1982266
1982267
1982268
1982269
1982270
1982271
1982272
1982273
1982274
1982275
1982276
1982277
1982278
1982279
1982280
1982281
1982282
1982283
1982284
1982285
1982286
1982287
1982288
1982289
1982290
1982291
1982292
1982293
1982294
1982295
1982296
1982297
1982298
1982299
1982300
1982301
1982302
1982303
1982304
1982305
1982306
1982307
1982308
1982309
1982310
1982311
1982312
1982313
1982314
1982315
1982316
1982317
1982318
1982319
1982320
1982321
1982322
1982323
1982324
1982325
1982326
1982327
1982328
1982329
1982330
1982331
1982332
1982333
1982334
1982335
1982336
1982337
1982338
1982339
1982340
1982341
1982342
1982343
1982344
1982345
1982346
1982347
1982348
1982349
1982350
1982351
1982352
1982353
1982354
1982355
1982356
1982357
1982358
1982359
1982360
1982361
1982362
1982363
1982364
1982365
1982366
1982367
1982368
1982369
1982370
1982371
1982372
1982373
1982374
1982375
1982376
1982377
1982378
1982379
1982380
1982381
1982382
1982383
1982384
1982385
1982386
1982387
1982388
1982389
1982390
1982391
1982392
1982393
1982394
1982395
1982396
1982397
1982398
1982399
1982400
1982401
1982402
1982403
1982404
1982405
1982406
1982407
1982408
1982409
1982410
1982411
1982412
1982413
1982414
1982415
1982416
1982417
1982418
1982419
1982420
1982421
1982422
1982423
1982424
1982425
1982426
1982427
1982428
1982429
1982430
1982431
1982432
1982433
1982434
1982435
1982436
1982437
1982438
1982439
1982440
1982441
1982442
1982443
1982444
1982445
1982446
1982447
1982448
1982449
1982450
1982451
1982452
1982453
1982454
1982455
1982456
1982457
1982458
1982459
1982460
1982461
1982462
1982463
1982464
1982465
1982466
1982467
1982468
1982469
1982470
1982471
1982472
1982473
1982474
1982475
1982476
1982477
1982478
1982479
1982480
1982481
1982482
1982483
1982484
1982485
1982486
1982487
1982488
1982489
1982490
1982491
1982492
1982493
1982494
1982495
1982496
1982497
1982498
1982499
1982500
1982501
1982502
1982503
1982504
1982505
1982506
1982507
1982508
1982509
1982510
1982511
1982512
1982513
1982514
1982515
1982516
1982517
1982518
1982519
1982520
1982521
1982522
1982523
1982524
1982525
1982526
1982527
1982528
1982529
1982530
1982531
1982532
1982533
1982534
1982535
1982536
1982537
1982538
1982539
1982540
1982541
1982542
1982543
1982544
1982545
1982546
1982547
1982548
1982549
1982550
1982551
1982552
1982553
1982554
1982555
1982556
1982557
1982558
1982559
1982560
1982561
1982562
1982563
1982564
1982565
1982566
1982567
1982568
1982569
1982570
1982571
1982572
1982573
1982574
1982575
1982576
1982577
1982578
1982579
1982580
1982581
1982582
1982583
1982584
1982585
1982586
1982587
1982588
1982589
1982590
1982591
1982592
1982593
1982594
1982595
1982596
1982597
1982598
1982599
1982600
1982601
1982602
1982603
1982604
1982605
1982606
1982607
1982608
1982609
1982610
1982611
1982612
1982613
1982614
1982615
1982616
1982617
1982618
1982619
1982620
1982621
1982622
1982623
1982624
1982625
1982626
1982627
1982628
1982629
1982630
1982631
1982632
1982633
1982634
1982635
1982636
1982637
1982638
1982639
1982640
1982641
1982642
1982643
1982644
1982645
1982646
1982647
1982648
1982649
1982650
1982651
1982652
1982653
1982654
1982655
1982656
1982657
1982658
1982659
1982660
1982661
1982662
1982663
1982664
1982665
1982666
1982667
1982668
1982669
1982670
1982671
1982672
1982673
1982674
1982675
1982676
1982677
1982678
1982679
1982680
1982681
1982682
1982683
1982684
1982685
1982686
1982687
1982688
1982689
1982690
1982691
1982692
1982693
1982694
1982695
1982696
1982697
1982698
1982699
1982700
1982701
1982702
1982703
1982704
1982705
1982706
1982707
1982708
1982709
1982710
1982711
1982712
1982713
1982714
1982715
1982716
1982717
1982718
1982719
1982720
1982721
1982722
1982723
1982724
1982725
1982726
1982727
1982728
1982729
1982730
1982731
1982732
1982733
1982734
1982735
1982736
1982737
1982738
1982739
1982740
1982741
1982742
1982743
1982744
1982745
1982746
1982747
1982748
1982749
1982750
1982751
1982752
1982753
1982754
1982755
1982756
1982757
1982758
1982759
1982760
1982761
1982762
1982763
1982764
1982765
1982766
1982767
1982768
1982769
1982770
1982771
1982772
1982773
1982774
1982775
1982776
1982777
1982778
1982779
1982780
1982781
2241813
2286184
2418638
29470
3248019
332124
332125
332126
332127
332128
332129
332130
332131
332132
332133
332134
332135
332136
332137
332138
332139
332140
332141
332142
332143
332144
332145
332146
332147
332148
332149
332150
332151
332152
332153
332154
332155
332156
332157
332158
332159
332160
332161
332162
332163
332164
332165
332166
332167
332168
332169
332170
332171
332172
332173
332174
332175
332176
332177
332178
332179
332180
332181
332182
332183
332184
332185
332186
332187
332188
332189
332190
332191
332192
332193
332194
332195
332196
332197
332198
332199
332200
332201
332202
332203
332204
332205
332206
332207
332208
332209
332210
332211
332212
332213
332214
332215
332216
332217
332218
332219
332220
332221
332222
332223
332224
332225
332226
332227
332228
332229
332230
332231
332232
332233
332234
332235
332236
332237
332238
332239
332240
332241
332242
332243
332244
332245
332246
332247
332248
332249
332250
332251
332252
332253
332254
332255
332256
332257
332258
332259
332260
332261
332262
332263
332264
332265
332266
332267
332268
332269
332270
332271
332272
332273
332274
332275
332276
332277
332278
332279
332280
332281
332282
332283
332284
332285
332286
332287
332288
332289
332290
332291
332292
332293
332294
332295
332296
332297
332298
332299
332300
332301
332302
332303
332304
332305
332306
332307
332308
332309
332310
332311
332312
332313
332314
332315
332316
332317
332318
332319
332320
332321
332322
332323
332324
332325
332326
332327
332328
332329
332330
332331
332332
332333
332334
332335
332336
332337
332338
332339
332340
332341
332342
332343
332344
332345
332346
332347
332348
332349
332350
332351
332352
332353
332354
332355
332356
332357
332358
332359
332360
332361
332362
332363
332364
332365
332366
332367
332368
332369
332370
332371
332372
332373
332374
332375
332376
332377
332378
332379
332380
332381
332382
332383
332384
332385
332386
332387
332388
332389
332390
332391
332392
332393
332394
332395
332396
332397
332398
332399
332400
332401
332402
332403
332404
332405
332406
332407
332408
332409
332410
332411
332412
332413
332414
332415
332416
332417
332418
332419
332420
332421
332422
332423
332424
332425
332426
332427
332428
332429
332430
332431
332432
332433
332434
332435
332436
332437
332438
332439
332440
332441
332442
332443
332444
332445
332446
332447
332448
332449
332450
332451
332452
332453
332454
332455
332456
332457
332458
332459
332460
332461
332462
332463
332464
332465
332466
332467
332468
332469
332470
332471
332472
332473
332474
332475
332476
332477
332478
332479
332480
332481
332482
332483
332484
332485
332486
332487
332488
332489
332490
332491
332492
332493
332494
332495
332496
332497
332498
332499
332500
332501
332502
332503
332504
332505
332506
332507
332508
332509
332510
332511
332512
332513
332514
332515
332516
332517
332518
332519
332520
332521
332522
332523
332524
332525
332526
332527
332528
332529
332530
332531
332532
332533
332534
332535
332536
332537
332538
332539
332540
332541
332542
332543
332544
332545
332546
332547
332548
332549
332550
332551
332552
332553
332554
332555
332556
332557
332558
332559
332560
332561
332562
332563
332564
332565
332566
332567
332568
332569
332570
332571
332572
332573
332574
332575
332576
332577
332578
332579
332580
332581
332582
332583
332584
332585
332586
332587
332588
332589
332590
332591
332592
332593
332594
332595
332596
332597
332598
332599
332600
332601
332602
332603
332604
332605
332606
332607
332608
332609
332610
332611
332612
332613
332614
332615
332616
332617
332618
332619
332620
332621
332622
332623
332624
332625
332626
332627
332628
332629
332630
332631
332632
332633
332634
332635
332636
332637
332638
332639
332640
332641
332642
332643
332644
332645
332646
332647
332648
332649
332650
332651
332652
332653
332654
332655
332656
332657
332658
332659
332660
332661
332662
332663
332664
332665
332666
332667
332668
332669
332670
332671
332672
332673
332674
332675
332676
332677
332678
332679
332680
332681
332682
332683
332684
332685
332686
332687
332688
332689
332690
332691
332692
332693
332694
332695
332696
332697
332698
332699
332700
332701
332702
332703
332704
332705
332706
332707
332708
332709
332710
332711
332712
332713
332714
332715
332716
332717
332718
332719
332720
332721
332722
332723
332724
332725
332726
332727
332728
332729
332730
332731
332732
332733
332734
332735
332736
332737
332738
332739
332740
332741
332742
332743
332744
332745
332746
332747
332748
332749
332750
332751
332752
332753
332754
332755
332756
332757
332758
332759
332760
332761
332762
332763
332764
332765
332766
332767
332768
332769
332770
332771
332772
332773
332774
332775
332776
332777
332778
332779
332780
332781
332782
332783
332784
332785
332786
332787
332788
332789
332790
332791
332792
332793
332794
332795
332796
332797
332798
332799
332800
332801
332802
332803
332804
332805
332806
332807
332808
332809
332810
332811
332812
332813
332814
332815
332816
332817
332818
332819
332820
332821
332822
332823
332824
332825
332826
332827
332828
332829
332830
332831
332832
332833
332834
332835
332836
332837
332838
332839
332840
332841
332842
332843
332844
332845
332846
332847
332848
332849
332850
332851
332852
332853
332854
332855
332856
332857
332858
332859
332860
332861
332862
332863
332864
332865
332866
332867
332868
332869
332870
332871
332872
332873
332874
332875
332876
332877
332878
332879
332880
332881
332882
332883
332884
332885
332886
332887
332888
332889
332890
332891
332892
332893
332894
332895
332896
332897
332898
332899
332900
332901
332902
332903
332904
332905
332906
332907
332908
332909
332910
332911
332912
332913
332914
332915
332916
332917
332918
332919
332920
332921
332922
332923
332924
332925
332926
332927
332928
332929
332930
332931
332932
332933
332934
332935
332936
332937
332938
332939
332940
332941
332942
332943
332944
332945
332946
332947
332948
332949
332950
332951
332952
332953
332954
332955
332956
332957
332958
332959
332960
332961
332962
332963
332964
332965
332966
332967
332968
332969
332970
332971
332972
332973
332974
332975
332976
332977
332978
332979
332980
332981
332982
332983
332984
332985
332986
332987
332988
332989
332990
332991
332992
332993
332994
332995
332996
332997
332998
332999
333000
333001
333002
333003
333004
333005
333006
333007
333008
333009
333010
333011
333012
333013
333014
333015
333016
333017
333018
333019
333020
333021
333022
333023
333024
333025
333026
333027
333028
333029
333030
333031
333032
333033
333034
333035
333036
333037
333038
333039
333040
333041
333042
333043
333044
333045
333046
333047
333048
333049
333050
333051
333052
333053
333054
333055
333056
333057
333058
333059
333060
333061
333062
333063
333064
333065
333066
333067
333068
333069
333070
333071
333072
333073
333074
333075
333076
333077
333078
333079
333080
333081
333082
333083
333084
333085
333086
333087
333088
333089
333090
333091
333092
333093
333094
333095
333096
333097
333098
333099
333100
333101
333102
333103
333104
333105
333106
333107
333108
333109
333110
333111
333112
333113
333114
333115
333116
333117
333118
333119
333120
333121
333122
333123
333124
333125
333126
333127
333128
333129
333130
333131
333132
333133
333134
333135
333136
333137
333138
333139
333140
333141
333142
333143
333144
333145
333146
333147
333148
333149
333150
333151
333152
333153
333154
333155
333156
333157
333158
333159
333160
333161
333162
333163
333164
333165
333166
333167
333168
333169
333170
333171
333172
333173
333174
333175
333176
333177
333178
333179
333180
333181
333182
333183
333184
333185
333186
333187
333188
333189
333190
333191
333192
333193
333194
333195
333196
333197
333198
333199
333200
333201
333202
333203
333204
333205
333206
333207
333208
333209
333210
333211
333212
333213
333214
333215
333216
333217
333218
333219
333220
333221
333222
333223
333224
333225
333226
333227
333228
333229
333230
333231
333232
333233
333234
333235
333236
333237
333238
333239
333240
333241
333242
333243
333244
333245
333246
333247
333248
333249
333250
333251
333252
333253
333254
333255
333256
333257
333258
333259
333260
333261
333262
333263
333264
333265
333266
333267
333268
333269
333270
333271
333272
333273
333274
333275
333276
333277
333278
333279
333280
333281
333282
333283
333284
333285
333286
333287
333288
333289
333290
333291
333292
333293
333294
333295
333296
333297
333298
333299
333300
333301
333302
333303
333304
333305
333306
333307
333308
333309
333310
333311
333312
333313
333314
333315
333316
333317
333318
333319
333320
333321
333322
333323
333324
333325
333326
333327
333328
333329
333330
333331
333332
333333
333334
333335
333336
333337
333338
333339
333340
333341
333342
333343
333344
333345
333346
333347
333348
333349
333350
333351
333352
333353
333354
333355
333356
333357
333358
333359
333360
333361
333362
333363
333364
333365
333366
333367
333368
333369
333370
333371
333372
333373
333374
333375
333376
333377
333378
333379
333380
333381
333382
333383
333384
333385
333386
333387
333388
333389
333390
333391
333392
333393
333394
333395
333396
333397
333398
333399
333400
333401
333402
333403
333404
333405
333406
333407
333408
333409
333410
333411
333412
333413
333414
333415
333416
333417
333418
333419
333420
333421
333422
333423
333424
333425
333426
333427
333428
333429
333430
333431
333432
333433
333434
333435
333436
333437
333438
333439
333440
333441
333442
333443
333444
333445
333446
333447
333448
333449
333450
333451
333452
333453
333454
333455
333456
333457
333458
333459
333460
333461
333462
333463
333464
333465
333466
333467
333468
333469
333470
333471
333472
333473
333474
333475
333476
333477
333478
333479
333480
333481
333482
333483
333484
333485
333486
333487
333488
333489
333490
333491
333492
333493
333494
333495
333496
333497
333498
333499
333500
333501
333502
333503
333504
333505
333506
333507
333508
333509
333510
333511
333512
333513
333514
333515
333516
333517
333518
333519
333520
333521
333522
333523
333524
333525
333526
333527
333528
333529
333530
333531
333532
333533
333534
333535
333536
333537
333538
333539
333540
333541
333542
333543
333544
333545
333546
333547
333548
333549
333550
333551
333552
333553
333554
333555
333556
333557
333558
333559
333560
333561
333562
333563
333564
333565
333566
333567
333568
333569
333570
333571
333572
333573
333574
333575
333576
333577
333578
333579
333580
333581
333582
333583
333584
333585
333586
333587
333588
333589
333590
333591
333592
333593
333594
333595
333596
333597
333598
333599
333600
333601
333602
333603
333604
333605
333606
333607
333608
333609
333610
333611
333612
333613
333614
333615
333616
333617
333618
333619
333620
333621
333622
333623
333624
333625
333626
333627
333628
333629
333630
333631
333632
333633
333634
333635
333636
333637
333638
333639
333640
333641
333642
333643
333644
333645
333646
333647
333648
333649
333650
333651
333652
333653
333654
333655
333656
333657
333658
333659
333660
333661
333662
333663
333664
333665
333666
333667
333668
333669
333670
333671
333672
333673
333674
333675
333676
333677
333678
333679
333680
333681
333682
333683
333684
333685
333686
333687
333688
333689
333690
333691
333692
333693
333694
333695
333696
333697
333698
333699
333700
333701
333702
333703
333704
333705
333706
333707
333708
333709
333710
333711
333712
333713
333714
333715
333716
333717
333718
333719
333720
333721
333722
333723
333724
333725
333726
333727
333728
333729
333730
333731
333732
333733
333734
333735
333736
333737
333738
333739
333740
333741
333742
333743
333744
333745
333746
333747
333748
333749
333750
333751
333752
333753
333754
333755
333756
333757
333758
333759
333760
333761
333762
333763
333764
333765
333766
333767
333768
333769
333770
333771
333772
333773
333774
333775
333776
333777
333778
333779
333780
333781
333782
333783
333784
333785
333786
333787
333788
333789
333790
333791
333792
333793
333794
333795
333796
333797
333798
333799
333800
333801
333802
333803
333804
333805
333806
333807
333808
333809
333810
333811
333812
333813
333814
333815
333816
333817
333818
333819
333820
333821
333822
333823
333824
333825
333826
333827
333828
333829
333830
333831
333832
333833
333834
333835
333836
333837
333838
333839
333840
333841
333842
333843
333844
333845
333846
333847
333848
333849
333850
333851
333852
333853
333854
333855
333856
333857
333858
333859
333860
333861
333862
333863
333864
333865
333866
333867
333868
333869
333870
333871
333872
333873
333874
333875
333876
333877
333878
333879
333880
333881
333882
333883
333884
333885
333886
333887
333888
333889
333890
333891
333892
333893
333894
333895
333896
333897
333898
333899
333900
333901
333902
333903
333904
333905
333906
333907
333908
333909
333910
333911
333912
333913
333914
333915
333916
333917
333918
333919
333920
333921
333922
333923
333924
333925
333926
333927
333928
333929
333930
333931
333932
333933
333934
333935
333936
333937
333938
333939
333940
333941
333942
333943
333944
333945
333946
333947
333948
333949
333950
333951
333952
333953
333954
333955
333956
333957
333958
333959
333960
333961
333962
333963
333964
333965
333966
333967
333968
333969
333970
333971
333972
333973
333974
333975
333976
333977
333978
333979
333980
333981
333982
333983
333984
333985
333986
333987
333988
333989
333990
333991
333992
333993
333994
333995
333996
333997
333998
333999
334000
334001
334002
334003
334004
334005
334006
334007
334008
334009
334010
334011
334012
334013
334014
334015
334016
334017
334018
334019
334020
334021
334022
334023
334024
334025
334026
334027
334028
334029
334030
334031
334032
334033
334034
334035
334036
334037
334038
334039
334040
334041
334042
334043
334044
334045
334046
334047
334048
334049
334050
334051
334052
334053
334054
334055
334056
334057
334058
334059
334060
334061
334062
334063
334064
334065
334066
334067
334068
334069
334070
334071
334072
334073
334074
334075
334076
334077
334078
334079
334080
334081
334082
334083
334084
334085
334086
334087
334088
334089
334090
334091
334092
334093
334094
334095
334096
334097
334098
334099
334100
334101
334102
334103
334104
334105
334106
334107
334108
334109
334110
334111
334112
334113
334114
334115
334116
334117
334118
334119
334120
334121
334122
334123
334124
334125
334126
334127
334128
334129
334130
334131
334132
334133
334134
334135
334136
334137
334138
334139
334140
334141
334142
334143
334144
334145
334146
334147
334148
334149
334150
334151
334152
334153
334154
334155
334156
334157
334158
334159
334160
334161
334162
334163
334164
334165
334166
334167
334168
334169
334170
334171
334172
334173
334174
334175
334176
334177
334178
334179
334180
334181
334182
334183
334184
334185
334186
334187
334188
334189
334190
334191
334192
334193
334194
334195
334196
334197
334198
334199
334200
334201
334202
334203
334204
334205
334206
334207
334208
334209
334210
334211
334212
334213
334214
334215
334216
334217
334218
334219
334220
334221
334222
334223
334224
334225
334226
334227
334228
334229
334230
334231
334232
334233
334234
334235
334236
334237
334238
334239
334240
334241
334242
334243
334244
334245
334246
334247
334248
334249
334250
334251
334252
334253
334254
334255
334256
334257
334258
334259
334260
334261
334262
334263
334264
334265
334266
334267
334268
334269
334270
334271
334272
334273
334274
334275
334276
334277
334278
334279
334280
334281
334282
334283
334284
334285
334286
334287
334288
334289
334290
334291
334292
334293
334294
334295
334296
334297
334298
334299
334300
334301
334302
334303
334304
334305
334306
334307
334308
334309
334310
334311
334312
334313
334314
334315
334316
334317
334318
334319
334320
334321
334322
334323
3773151
4254869
608835
chrom1	100000000
chrom2	100000000
100000000
100000000
