100000000
1000000000
1010929
1036102
1343724
1412796
1412800
1980894
1980895
1980896
1980897
1980898
1980899
1980900
1980901
1980902
1980903
1980904
1980905
1980906
1980907
1980908
1980909
1980910
1980911
1980912
1980913
1980914
1980915
1980916
1980917
1980918
1980919
1980920
1980921
1980922
1980923
1980924
1980925
1980926
1980927
1980928
1980929
1980930
1980931
1980932
1980933
1980934
1980935
1980936
1980937
1980938
1980939
1980940
1980941
1980942
1980943
1980944
1980945
1980946
1980947
1980948
1980949
1980950
1980951
1980952
1980953
1980954
1980955
1980956
1980957
1980958
1980959
1980960
1980961
1980962
1980963
1980964
1980965
1980966
1980967
1980968
1980969
1980970
1980971
1980972
1980973
1980974
1980975
1980976
1980977
1980978
1980979
1980980
1980981
1980982
1980983
1980984
1980985
1980986
1980987
1980988
1980989
1980990
1980991
1980992
1980993
1980994
1980995
1980996
1980997
1980998
1980999
1981000
1981001
1981002
1981003
1981004
1981005
1981006
1981007
1981008
1981009
1981010
1981011
1981012
1981013
1981014
1981015
1981016
1981017
1981018
1981019
1981020
1981021
1981022
1981023
1981024
1981025
1981026
1981027
1981028
1981029
1981030
1981031
1981032
1981033
1981034
1981035
1981036
1981037
1981038
1981039
1981040
1981041
1981042
1981043
1981044
1981045
1981046
1981047
1981048
1981049
1981050
1981051
1981052
1981053
1981054
1981055
1981056
1981057
1981058
1981059
1981060
1981061
1981062
1981063
1981064
1981065
1981066
1981067
1981068
1981069
1981070
1981071
1981072
1981073
1981074
1981075
1981076
1981077
1981078
1981079
1981080
1981081
1981082
1981083
1981084
1981085
1981086
1981087
1981088
1981089
1981090
1981091
1981092
1981093
1981094
1981095
1981096
1981097
1981098
1981099
1981100
1981101
1981102
1981103
1981104
1981105
1981106
1981107
1981108
1981109
1981110
1981111
1981112
1981113
1981114
1981115
1981116
1981117
1981118
1981119
1981120
1981121
1981122
1981123
1981124
1981125
1981126
1981127
1981128
1981129
1981130
1981131
1981132
1981133
1981134
1981135
1981136
1981137
1981138
1981139
1981140
1981141
1981142
1981143
1981144
1981145
1981146
1981147
1981148
1981149
1981150
1981151
1981152
1981153
1981154
1981155
1981156
1981157
1981158
1981159
1981160
1981161
1981162
1981163
1981164
1981165
1981166
1981167
1981168
1981169
1981170
1981171
1981172
1981173
1981174
1981175
1981176
1981177
1981178
1981179
1981180
1981181
1981182
1981183
1981184
1981185
1981186
1981187
1981188
1981189
1981190
1981191
1981192
1981193
1981194
1981195
1981196
1981197
1981198
1981199
1981200
1981201
1981202
1981203
1981204
1981205
1981206
1981207
1981208
1981209
1981210
1981211
1981212
1981213
1981214
1981215
1981216
1981217
1981218
1981219
1981220
1981221
1981222
1981223
1981224
1981225
1981226
1981227
1981228
1981229
1981230
1981231
1981232
1981233
1981234
1981235
1981236
1981237
1981238
1981239
1981240
1981241
1981242
1981243
1981244
1981245
1981246
1981247
1981248
1981249
1981250
1981251
1981252
1981253
1981254
1981255
1981256
1981257
1981258
1981259
1981260
1981261
1981262
1981263
1981264
1981265
1981266
1981267
1981268
1981269
1981270
1981271
1981272
1981273
1981274
1981275
1981276
1981277
1981278
1981279
1981280
1981281
1981282
1981283
1981284
1981285
1981286
1981287
1981288
1981289
1981290
1981291
1981292
1981293
1981294
1981295
1981296
1981297
1981298
1981299
1981300
1981301
1981302
1981303
1981304
1981305
1981306
1981307
1981308
1981309
1981310
1981311
1981312
1981313
1981314
1981315
1981316
1981317
1981318
1981319
1981320
1981321
1981322
1981323
1981324
1981325
1981326
1981327
1981328
1981329
1981330
1981331
1981332
1981333
1981334
1981335
1981336
1981337
1981338
1981339
1981340
1981341
1981342
1981343
1981344
1981345
1981346
1981347
1981348
1981349
1981350
1981351
1981352
1981353
1981354
1981355
1981356
1981357
1981358
1981359
1981360
1981361
1981362
1981363
1981364
1981365
1981366
1981367
1981368
1981369
1981370
1981371
1981372
1981373
1981374
1981375
1981376
1981377
1981378
1981379
1981380
1981381
1981382
1981383
1981384
1981385
1981386
1981387
1981388
1981389
1981390
1981391
1981392
1981393
1981394
1981395
1981396
1981397
1981398
1981399
1981400
1981401
1981402
1981403
1981404
1981405
1981406
1981407
1981408
1981409
1981410
1981411
1981412
1981413
1981414
1981415
1981416
1981417
1981418
1981419
1981420
1981421
1981422
1981423
1981424
1981425
1981426
1981427
1981428
1981429
1981430
1981431
1981432
1981433
1981434
1981435
1981436
1981437
1981438
1981439
1981440
1981441
1981442
1981443
1981444
1981445
1981446
1981447
1981448
1981449
1981450
1981451
1981452
1981453
1981454
1981455
1981456
1981457
1981458
1981459
1981460
1981461
1981462
1981463
1981464
1981465
1981466
1981467
1981468
1981469
1981470
1981471
1981472
1981473
1981474
1981475
1981476
1981477
1981478
1981479
1981480
1981481
1981482
1981483
1981484
1981485
1981486
1981487
1981488
1981489
1981490
1981491
1981492
1981493
1981494
1981495
1981496
1981497
1981498
1981499
1981500
1981501
1981502
1981503
1981504
1981505
1981506
1981507
1981508
1981509
1981510
1981511
1981512
1981513
1981514
1981515
1981516
1981517
1981518
1981519
1981520
1981521
1981522
1981523
1981524
1981525
1981526
1981527
1981528
1981529
1981530
1981531
1981532
1981533
1981534
1981535
1981536
1981537
1981538
1981539
1981540
1981541
1981542
1981543
1981544
1981545
1981546
1981547
1981548
1981549
1981550
1981551
1981552
1981553
1981554
1981555
1981556
1981557
1981558
1981559
1981560
1981561
1981562
1981563
1981564
1981565
1981566
1981567
1981568
1981569
1981570
1981571
1981572
1981573
1981574
1981575
1981576
1981577
1981578
1981579
1981580
1981581
1981582
1981583
1981584
1981585
1981586
1981587
1981588
1981589
1981590
1981591
1981592
1981593
1981594
1981595
1981596
1981597
1981598
1981599
1981600
1981601
1981602
1981603
1981604
1981605
1981606
1981607
1981608
1981609
1981610
1981611
1981612
1981613
1981614
1981615
1981616
1981617
1981618
1981619
1981620
1981621
1981622
1981623
1981624
1981625
1981626
1981627
1981628
1981629
1981630
1981631
1981632
1981633
1981634
1981635
1981636
1981637
1981638
1981639
1981640
1981641
1981642
1981643
1981644
1981645
1981646
1981647
1981648
1981649
1981650
1981651
1981652
1981653
1981654
1981655
1981656
1981657
1981658
1981659
1981660
1981661
1981662
1981663
1981664
1981665
1981666
1981667
1981668
1981669
1981670
1981671
1981672
1981673
1981674
1981675
1981676
1981677
1981678
1981679
1981680
1981681
1981682
1981683
1981684
1981685
1981686
1981687
1981688
1981689
1981690
1981691
1981692
1981693
1981694
1981695
1981696
1981697
1981698
1981699
1981700
1981701
1981702
1981703
1981704
1981705
1981706
1981707
1981708
1981709
1981710
1981711
1981712
1981713
1981714
1981715
1981716
1981717
1981718
1981719
1981720
1981721
1981722
1981723
1981724
1981725
1981726
1981727
1981728
1981729
1981730
1981731
1981732
1981733
1981734
1981735
1981736
1981737
1981738
1981739
1981740
1981741
1981742
1981743
1981744
1981745
1981746
1981747
1981748
1981749
1981750
1981751
1981752
1981753
1981754
1981755
1981756
1981757
1981758
1981759
1981760
1981761
1981762
1981763
1981764
1981765
1981766
1981767
1981768
1981769
1981770
1981771
1981772
1981773
1981774
1981775
1981776
1981777
1981778
1981779
1981780
1981781
1981782
1981783
1981784
1981785
1981786
1981787
1981788
1981789
1981790
1981791
1981792
1981793
1981794
1981795
1981796
1981797
1981798
1981799
1981800
1981801
1981802
1981803
1981804
1981805
1981806
1981807
1981808
1981809
1981810
1981811
1981812
1981813
1981814
1981815
1981816
1981817
1981818
1981819
1981820
1981821
1981822
1981823
1981824
1981825
1981826
1981827
1981828
1981829
1981830
1981831
1981832
1981833
1981834
1981835
1981836
1981837
1981838
1981839
1981840
1981841
1981842
1981843
1981844
1981845
1981846
1981847
1981848
1981849
1981850
1981851
1981852
1981853
1981854
1981855
1981856
1981857
1981858
1981859
1981860
1981861
1981862
1981863
1981864
1981865
1981866
1981867
1981868
1981869
1981870
1981871
1981872
1981873
1981874
1981875
1981876
1981877
1981878
1981879
1981880
1981881
1981882
1981883
1981884
1981885
1981886
1981887
1981888
1981889
1981890
1981891
1981892
1981893
1981894
1981895
1981896
1981897
1981898
1981899
1981900
1981901
1981902
1981903
1981904
1981905
1981906
1981907
1981908
1981909
1981910
1981911
1981912
1981913
1981914
1981915
1981916
1981917
1981918
1981919
1981920
1981921
1981922
1981923
1981924
1981925
1981926
1981927
1981928
1981929
1981930
1981931
1981932
1981933
1981934
1981935
1981936
1981937
1981938
1981939
1981940
1981941
1981942
1981943
1981944
1981945
1981946
1981947
1981948
1981949
1981950
1981951
1981952
1981953
1981954
1981955
1981956
1981957
1981958
1981959
1981960
1981961
1981962
1981963
1981964
1981965
1981966
1981967
1981968
1981969
1981970
1981971
1981972
1981973
1981974
1981975
1981976
1981977
1981978
1981979
1981980
1981981
1981982
1981983
1981984
1981985
1981986
1981987
1981988
1981989
1981990
1981991
1981992
1981993
1981994
1981995
1981996
1981997
1981998
1981999
1982000
1982001
1982002
1982003
1982004
1982005
1982006
1982007
1982008
1982009
1982010
1982011
1982012
1982013
1982014
1982015
1982016
1982017
1982018
1982019
1982020
1982021
1982022
1982023
1982024
1982025
1982026
1982027
1982028
1982029
1982030
1982031
1982032
1982033
1982034
1982035
1982036
1982037
1982038
1982039
1982040
1982041
1982042
1982043
1982044
1982045
1982046
1982047
1982048
1982049
1982050
1982051
1982052
1982053
1982054
1982055
1982056
1982057
1982058
1982059
1982060
1982061
1982062
1982063
1982064
1982065
1982066
1982067
1982068
1982069
1982070
1982071
1982072
1982073
1982074
1982075
1982076
1982077
1982078
1982079
1982080
1982081
1982082
1982083
1982084
1982085
1982086
1982087
1982088
1982089
1982090
1982091
1982092
1982093
1982094
1982095
1982096
1982097
1982098
1982099
1982100
1982101
1982102
1982103
1982104
1982105
1982106
1982107
1982108
1982109
1982110
1982111
1982112
1982113
1982114
1982115
1982116
1982117
1982118
1982119
1982120
1982121
1982122
1982123
1982124
1982125
1982126
1982127
1982128
1982129
1982130
1982131
1982132
1982133
1982134
1982135
1982136
1982137
1982138
1982139
1982140
1982141
1982142
1982143
1982144
1982145
1982146
1982147
1982148
1982149
1982150
1982151
1982152
1982153
1982154
1982155
1982156
1982157
1982158
1982159
1982160
1982161
1982162
1982163
1982164
1982165
1982166
1982167
1982168
1982169
1982170
1982171
1982172
1982173
1982174
1982175
1982176
1982177
1982178
1982179
1982180
1982181
1982182
1982183
1982184
1982185
1982186
1982187
1982188
1982189
1982190
1982191
1982192
1982193
1982194
1982195
1982196
1982197
1982198
1982199
1982200
1982201
1982202
1982203
1982204
1982205
1982206
1982207
1982208
1982209
1982210
1982211
1982212
1982213
1982214
1982215
1982216
1982217
1982218
1982219
1982220
1982221
1982222
1982223
1982224
1982225
1982226
1982227
1982228
1982229
1982230
1982231
1982232
1982233
1982234
1982235
1982236
1982237
1982238
1982239
1982240
1982241
1982242
1982243
1982244
1982245
1982246
1982247
1982248
1982249
1982250
1982251
1982252
1982253
1982254
1982255
1982256
1982257
1982258
1982259
1982260
1982261
1982262
1982263
1982264
1982265
1982266
1982267
1982268
1982269
1982270
1982271
1982272
1982273
1982274
1982275
1982276
1982277
1982278
1982279
1982280
1982281
1982282
1982283
1982284
1982285
1982286
1982287
1982288
1982289
1982290
1982291
1982292
1982293
1982294
1982295
1982296
1982297
1982298
1982299
1982300
1982301
1982302
1982303
1982304
1982305
1982306
1982307
1982308
1982309
1982310
1982311
1982312
1982313
1982314
1982315
1982316
1982317
1982318
1982319
1982320
1982321
1982322
1982323
1982324
1982325
1982326
1982327
1982328
1982329
1982330
1982331
1982332
1982333
1982334
1982335
1982336
1982337
1982338
1982339
1982340
1982341
1982342
1982343
1982344
1982345
1982346
1982347
1982348
1982349
1982350
1982351
1982352
1982353
1982354
1982355
1982356
1982357
1982358
1982359
1982360
1982361
1982362
1982363
1982364
1982365
1982366
1982367
1982368
1982369
1982370
1982371
1982372
1982373
1982374
1982375
1982376
1982377
1982378
1982379
1982380
1982381
1982382
1982383
1982384
1982385
1982386
1982387
1982388
1982389
1982390
1982391
1982392
1982393
1982394
1982395
1982396
1982397
1982398
1982399
1982400
1982401
1982402
1982403
1982404
1982405
1982406
1982407
1982408
1982409
1982410
1982411
1982412
1982413
1982414
1982415
1982416
1982417
1982418
1982419
1982420
1982421
1982422
1982423
1982424
1982425
1982426
1982427
1982428
1982429
1982430
1982431
1982432
1982433
1982434
1982435
1982436
1982437
1982438
1982439
1982440
1982441
1982442
1982443
1982444
1982445
1982446
1982447
1982448
1982449
1982450
1982451
1982452
1982453
1982454
1982455
1982456
1982457
1982458
1982459
1982460
1982461
1982462
1982463
1982464
1982465
1982466
1982467
1982468
1982469
1982470
1982471
1982472
1982473
1982474
1982475
1982476
1982477
1982478
1982479
1982480
1982481
1982482
1982483
1982484
1982485
1982486
1982487
1982488
1982489
1982490
1982491
1982492
1982493
1982494
1982495
1982496
1982497
1982498
1982499
1982500
1982501
1982502
1982503
1982504
1982505
1982506
1982507
1982508
1982509
1982510
1982511
1982512
1982513
1982514
1982515
1982516
1982517
1982518
1982519
1982520
1982521
1982522
1982523
1982524
1982525
1982526
1982527
1982528
1982529
1982530
1982531
1982532
1982533
1982534
1982535
1982536
1982537
1982538
1982539
1982540
1982541
1982542
1982543
1982544
1982545
1982546
1982547
1982548
1982549
1982550
1982551
1982552
1982553
1982554
1982555
1982556
1982557
1982558
1982559
1982560
1982561
1982562
1982563
1982564
1982565
1982566
1982567
1982568
1982569
1982570
1982571
1982572
1982573
1982574
1982575
1982576
1982577
1982578
1982579
1982580
1982581
1982582
1982583
1982584
1982585
1982586
1982587
1982588
1982589
1982590
1982591
1982592
1982593
1982594
1982595
1982596
1982597
1982598
1982599
1982600
1982601
1982602
1982603
1982604
1982605
1982606
1982607
1982608
1982609
1982610
1982611
1982612
1982613
1982614
1982615
1982616
1982617
1982618
1982619
1982620
1982621
1982622
1982623
1982624
1982625
1982626
1982627
1982628
1982629
1982630
1982631
1982632
1982633
1982634
1982635
1982636
1982637
1982638
1982639
1982640
1982641
1982642
1982643
1982644
1982645
1982646
1982647
1982648
1982649
1982650
1982651
1982652
1982653
1982654
1982655
1982656
1982657
1982658
1982659
1982660
1982661
1982662
1982663
1982664
1982665
1982666
1982667
1982668
1982669
1982670
1982671
1982672
1982673
1982674
1982675
1982676
1982677
1982678
1982679
1982680
1982681
1982682
1982683
1982684
1982685
1982686
1982687
1982688
1982689
1982690
1982691
1982692
1982693
1982694
1982695
1982696
1982697
1982698
1982699
1982700
1982701
1982702
1982703
1982704
1982705
1982706
1982707
1982708
1982709
1982710
1982711
1982712
1982713
1982714
1982715
1982716
1982717
1982718
1982719
1982720
1982721
1982722
1982723
1982724
1982725
1982726
1982727
1982728
1982729
1982730
1982731
1982732
1982733
1982734
1982735
1982736
1982737
1982738
1982739
1982740
1982741
1982742
1982743
1982744
1982745
1982746
1982747
1982748
1982749
1982750
1982751
1982752
1982753
1982754
1982755
1982756
1982757
1982758
1982759
1982760
1982761
1982762
1982763
1982764
1982765
1982766
1982767
1982768
1982769
1982770
1982771
1982772
1982773
1982774
1982775
1982776
1982777
1982778
1982779
1982780
1982781
2241813
2286184
2320080
2320092
2320121
2364996
2418638
2768715
2768716
2768717
2768718
2768719
2768720
2768721
2768722
2768723
2768724
2768725
2768726
2768727
2768728
2768729
2768730
2768731
2768732
2768733
2768734
2768735
2768736
2768737
2768738
2768739
2768740
2768741
2768742
2768743
2768744
2768745
2768746
2768747
2768748
2768749
2768750
2768751
2768752
2768753
2768754
2768755
2768756
2768757
2768758
2768759
2768760
2768761
2768762
2768763
2768764
2768765
2768766
2768767
2768768
2768769
2768770
2768771
2768772
2768773
2768774
2768775
2768776
2768777
2768778
2768779
2768780
2768781
2768782
2768783
2768784
2768785
2768786
2768787
2768788
2768789
2768790
2768791
2768792
2768793
2768794
2768795
2768796
2768797
2768798
2768799
2768800
2768801
2768802
2768803
2768804
2768805
2768806
2768807
2768808
2768809
2768810
2768811
2768812
2768813
2768814
2768815
2768816
2768817
2768818
2768819
2768820
2768821
2768822
2768823
2768824
2768825
2768826
2768827
2768828
2768829
2768830
2768831
2768832
2768833
2768834
2768835
2768836
2768837
2768838
2768839
2768840
2768841
2768842
2768843
2768844
2768845
2768846
2768847
2768848
2768849
2768850
2768851
2768852
2768853
2768854
2768855
2768856
2768857
2768858
2768859
2768860
2768861
2768862
2768863
2768864
2768865
2768866
2768867
2768868
2768869
2768870
2768871
2768872
2768873
2768874
2768875
2768876
2768877
2768878
2768879
2768880
2768881
2768882
2768883
2768884
2768885
2768886
2768887
2768888
2768889
2768890
2768891
2768892
2768893
2768894
2768895
2768896
2768897
2768898
2768899
2768900
2768901
2768902
2768903
2768904
2768905
2768906
2768907
2768908
2768909
2768910
2768911
2768912
2768913
2768914
2768915
2768916
2768917
2768918
2768919
2768920
2768921
2768922
2768923
2768924
2768925
2768926
2768927
2768928
2768929
2768930
2768931
2768932
2768933
2768934
2768935
2768936
2768937
2768938
2768939
2768940
2768941
2768942
2768943
2768944
2768945
2768946
2768947
2768948
2768949
2768950
2768951
2768952
2768953
2768954
2768955
2768956
2768957
2768958
2768959
2768960
2768961
2768962
2768963
2768964
2768965
2768966
2768967
2768968
2768969
2768970
2768971
2768972
2768973
2768974
2768975
2768976
2768977
2768978
2768979
2768980
2768981
2768982
2768983
2768984
2768985
2768986
2768987
2768988
2768989
2768990
2768991
2768992
2768993
2768994
2768995
2768996
2768997
2768998
2768999
2769000
2769001
2769002
2769003
2769004
2769005
2769006
2769007
2769008
2769009
2769010
2769011
2769012
2769013
2769014
2769015
2769016
2769017
2769018
2769019
2769020
2769021
2769022
2769023
2769024
2769025
2769026
2769027
2769028
2769029
2769030
2769031
2769032
2769033
2769034
2769035
2769036
2769037
2769038
2769039
2769040
2769041
2769042
2769043
2769044
2769045
2769046
2769047
2769048
2769049
2769050
2769051
2769052
2769053
2769054
2769055
2769056
2769057
2769058
2769059
2769060
2769061
2769062
2769063
2769064
2769065
2769066
2769067
2769068
2769069
2769070
2769071
2769072
2769073
2769074
2769075
2769076
2769077
2769078
2769079
2769080
2769081
2769082
2769083
2769084
2769085
2769086
2769087
2769088
2769089
2769090
2769091
2769092
2769093
2769094
2769095
2769096
2769097
2769098
2769099
2769100
2769101
2769102
2769103
2769104
2769105
2769106
2769107
2769108
2769109
2769110
2769111
2769112
2769113
2769114
2769115
2769116
2769117
2769118
2769119
2769120
2769121
2769122
2769123
2769124
2769125
2769126
2769127
2769128
2769129
2769130
2769131
2769132
2769133
2769134
2769135
2769136
2769137
2769138
2769139
2769140
2769141
2769142
2769143
2769144
2769145
2769146
2769147
2769148
2769149
2769150
2769151
2769152
2769153
2769154
2769155
2769156
2769157
2769158
2769159
2769160
2769161
2769162
2769163
2769164
2769165
2769166
2769167
2769168
2769169
2769170
2769171
2769172
2769173
2769174
2769175
2769176
2769177
2769178
2769179
2769180
2769181
2769182
2769183
2769184
2769185
2769186
2769187
2769188
2769189
2769190
2769191
2769192
2769193
2769194
2769195
2769196
2769197
2769198
2769199
2769200
2769201
2769202
2769203
2769204
2769205
2769206
2769207
2769208
2769209
2769210
2769211
2769212
2769213
2769214
2769215
2769216
2769217
2769218
2769219
2769220
2769221
2769222
2769223
2769224
2769225
2769226
2769227
2769228
2769229
2769230
2769231
2769232
2769233
2769234
2769235
2769236
2769237
2769238
2769239
2769240
2769241
2769242
2769243
2769244
2769245
2769246
2769247
2769248
2769249
2769250
2769251
2769252
2769253
2769254
2769255
2769256
2769257
2769258
2769259
2769260
2769261
2769262
2769263
2769264
2769265
2769266
2769267
2769268
2769269
2769270
2769271
2769272
2769273
2769274
2769275
2769276
2769277
2769278
2769279
2769280
2769281
2769282
2769283
2769284
2769285
2769286
2769287
2769288
2769289
2769290
2769291
2769292
2769293
2769294
2769295
2769296
2769297
2769298
2769299
2769300
2769301
2769302
2769303
2769304
2769305
2769306
2769307
2769308
2769309
2769310
2769311
2769312
2769313
2769314
2769315
2769316
2769317
2769318
2769319
2769320
2769321
2769322
2769323
2769324
2769325
2769326
2769327
2769328
2769329
2769330
2769331
2769332
2769333
2769334
2769335
2769336
2769337
2769338
2769339
2769340
2769341
2769342
2769343
2769344
2769345
2769346
2769347
2769348
2769349
2769350
2769351
2769352
2769353
2769354
2769355
2769356
2769357
2769358
2769359
2769360
2769361
2769362
2769363
2769364
2769365
2769366
2769367
2769368
2769369
2769370
2769371
2769372
2769373
2769374
2769375
2769376
2769377
2769378
2769379
2769380
2769381
2769382
2769383
2769384
2769385
2769386
2769387
2769388
2769389
2769390
2769391
2769392
2769393
2769394
2769395
2769396
2769397
2769398
2769399
2769400
2769401
2769402
2769403
2769404
2769405
2769406
2769407
2769408
2769409
2769410
2769411
2769412
2769413
2769414
2769415
2769416
2769417
2769418
2769419
2769420
2769421
2769422
2769423
2769424
2769425
2769426
2769427
2769428
2769429
2769430
2769431
2769432
2769433
2769434
2769435
2769436
2769437
2769438
2769439
2769440
2769441
2769442
2769443
2769444
2769445
2769446
2769447
2769448
2769449
2769450
2769451
2769452
2769453
2769454
2769455
2769456
2769457
2769458
2769459
2769460
2769461
2769462
2769463
2769464
2769465
2769466
2769467
2769468
2769469
2769470
2769471
2769472
2769473
2769474
2769475
2769476
2769477
2769478
2769479
2769480
2769481
2769482
2769483
2769484
2769485
2769486
2769487
2769488
2769489
2769490
2769491
2769492
2769493
2769494
2769495
2769496
2769497
2769498
2769499
2769500
2769501
2769502
2769503
2769504
2769505
2769506
2769507
2769508
2769509
2769510
2769511
2769512
2769513
2769514
2769515
2769516
2769517
2769518
2769519
2769520
2769521
2769522
2769523
2769524
2769525
2769526
2769527
2769528
2769529
2769530
2769531
2769532
2769533
2769534
2769535
2769536
2769537
2769538
2769539
2769540
2769541
2769542
2769543
2769544
2769545
2769546
2769547
2769548
2769549
2769550
2769551
2769552
2769553
2769554
2769555
2769556
2769557
2769558
2769559
2769560
2769561
2769562
2769563
2769564
2769565
2769566
2769567
2769568
2769569
2769570
2769571
2769572
2769573
2769574
2769575
2769576
2769577
2769578
2769579
2769580
2769581
2769582
2769583
2769584
2769585
2769586
2769587
2769588
2769589
2769590
2769591
2769592
2769593
2769594
2769595
2769596
2769597
2769598
2769599
2769600
2769601
2769602
2769603
2769604
2769605
2769606
2769607
2769608
2769609
2769610
2769611
2769612
2769613
2769614
2769615
2769616
2769617
2769618
2769619
2769620
2769621
2769622
2769623
2769624
2769625
2769626
2769627
2769628
2769629
2769630
2769631
2769632
2769633
2769634
2769635
2769636
2769637
2769638
2769639
2769640
2769641
2769642
2769643
2769644
2769645
2769646
2769647
2769648
2769649
2769650
2769651
2769652
2769653
2769654
2769655
2769656
2769657
2769658
2769659
2769660
2769661
2769662
2769663
2769664
2769665
2769666
2769667
2769668
2769669
2769670
2769671
2769672
2769673
2769674
2769675
2769676
2769677
2769678
2769679
2769680
2769681
2769682
2769683
2769684
2769685
2769686
2769687
2769688
2769689
2769690
2769691
2769692
2769693
2769694
2769695
2769696
2769697
2769698
2769699
2769700
2769701
2769702
2769703
2769704
2769705
2769706
2769707
2769708
2769709
2769710
2769711
2769712
2769713
2769714
2769715
2769716
2769717
2769718
2769719
2769720
2769721
2769722
2769723
2769724
2769725
2769726
2769727
2769728
2769729
2769730
2769731
2769732
2769733
2769734
2769735
2769736
2769737
2769738
2769739
2769740
2769741
2769742
2769743
2769744
2769745
2769746
2769747
2769748
2769749
2769750
2769751
2769752
2769753
2769754
2769755
2769756
2769757
2769758
2769759
2769760
2769761
2769762
2769763
2769764
2769765
2769766
2769767
2769768
2769769
2769770
2769771
2769772
2769773
2769774
2769775
2769776
2769777
2769778
2769779
2769780
2769781
2769782
2769783
2769784
2769785
2769786
2769787
2769788
2769789
2769790
2769791
2769792
2769793
2769794
2769795
2769796
2769797
2769798
2769799
2769800
2769801
2769802
2769803
2769804
2769805
2769806
2769807
2769808
2769809
2769810
2769811
2769812
2769813
2769814
2769815
2769816
2769817
2769818
2769819
2769820
2769821
2769822
2769823
2769824
2769825
2769826
2769827
2769828
2769829
2769830
2769831
2769832
2769833
2769834
2769835
2769836
2769837
2769838
2769839
2769840
2769841
2769842
2769843
2769844
2769845
2769846
2769847
2769848
2769849
2769850
2769851
2769852
2769853
2769854
2769855
2769856
2769857
2769858
2769859
2769860
2769861
2769862
2769863
2769864
2769865
2769866
2769867
2769868
2769869
2769870
2769871
2769872
2769873
2769874
2769875
2769876
2769877
2769878
2769879
2769880
2769881
2769882
2769883
2769884
2769885
2769886
2769887
2769888
2769889
2769890
2769891
2769892
2769893
2769894
2769895
2769896
2769897
2769898
2769899
2769900
2769901
2769902
2769903
2769904
2769905
2769906
2769907
2769908
2769909
2769910
2769911
2769912
2769913
2769914
2769915
2769916
2769917
2769918
2769919
2769920
2769921
2769922
2769923
2769924
2769925
2769926
2769927
2769928
2769929
2769930
2769931
2769932
2769933
2769934
2769935
2769936
2769937
2769938
2769939
2769940
2769941
2769942
2769943
2769944
2769945
2769946
2769947
2769948
2769949
2769950
2769951
2769952
2769953
2769954
2769955
2769956
2769957
2769958
2769959
2769960
2769961
2769962
2769963
2769964
2769965
2769966
2769967
2769968
2769969
2769970
2769971
2769972
2769973
2769974
2769975
2769976
2769977
2769978
2769979
2769980
2769981
2769982
2769983
2769984
2769985
2769986
2769987
2769988
2769989
2769990
2769991
2769992
2769993
2769994
2769995
2769996
2769997
2769998
2769999
2770000
2770001
2770002
2770003
2770004
2770005
2770006
2770007
2770008
2770009
2770010
2770011
2770012
2770013
2770014
2770015
2770016
2770017
2770018
2770019
2770020
2770021
2770022
2770023
2770024
2770025
2770026
2770027
2770028
2770029
2770030
2770031
2770032
2770033
2770034
2770035
2770036
2770037
2770038
2770039
2770040
2770041
2770042
2770043
2770044
2770045
2770046
2770047
2770048
2770049
2770050
2770051
2770052
2770053
2770054
2770055
2770056
2770057
2770058
2770059
2770060
2770061
2770062
2770063
2770064
2770065
2770066
2770067
2770068
2770069
2770070
2770071
2770072
2770073
2770074
2770075
2770076
2770077
2770078
2770079
2770080
2770081
2770082
2770083
2770084
2770085
2770086
2770087
2770088
2770089
2770090
2770091
2770092
2770093
2770094
2770095
2770096
2770097
2770098
2770099
2770100
2770101
2770102
2770103
2770104
2770105
2770106
2770107
2770108
2770109
2770110
2770111
2770112
2770113
2770114
2770115
2770116
2770117
2770118
2770119
2770120
2770121
2770122
2770123
2770124
2770125
2770126
2770127
2770128
2770129
2770130
2770131
2770132
2770133
2770134
2770135
2770136
2770137
2770138
2770139
2770140
2770141
2770142
2770143
2770144
2770145
2770146
2770147
2770148
2770149
2770150
2770151
2770152
2770153
2770154
2770155
2770156
2770157
2770158
2770159
2770160
2770161
2770162
2770163
2770164
2770165
2770166
2770167
2770168
2770169
2770170
2770171
2770172
2770173
2770174
2770175
2770176
2770177
2770178
2770179
2770180
2770181
2770182
2770183
2770184
2770185
2770186
2770187
2770188
2770189
2770190
2770191
2770192
2770193
2770194
2770195
2770196
2770197
2770198
2770199
2770200
2770201
2770202
2770203
2770204
2770205
2770206
2770207
2770208
2770209
2770210
2770211
2770212
2770213
2770214
2770215
2770216
2770217
2770218
2770219
2770220
2770221
2770222
2770223
2770224
2770225
2770226
2770227
2770228
2770229
2770230
2770231
2770232
2770233
2770234
2770235
2770236
2770237
2770238
2770239
2770240
2770241
2770242
2770243
2770244
2770245
2770246
2770247
2770248
2770249
2770250
2770251
2770252
2770253
2770254
2770255
2770256
2770257
2770258
2770259
2770260
2770261
2770262
2770263
2770264
2770265
2770266
2770267
2770268
2770269
2770270
2770271
2770272
2770273
2770274
2770275
2770276
2770277
2770278
2770279
2770280
2770281
2770282
2770283
2770284
2770285
2770286
2770287
2770288
2770289
2770290
2770291
2770292
2770293
2770294
2770295
2770296
2770297
2770298
2770299
2770300
2770301
2770302
2770303
2770304
2770305
2770306
2770307
2770308
2770309
2770310
2770311
2770312
2770313
2770314
2770315
2770316
2770317
2770318
2770319
2770320
2770321
2770322
2770323
2770324
2770325
2770326
2770327
2770328
2770329
2770330
2770331
2770332
2770333
2770334
2770335
2770336
2770337
2770338
2770339
2770340
2770341
2770342
2770343
2770344
2770345
2770346
2770347
2770348
2770349
2770350
2770351
2770352
2770353
2770354
2770355
2770356
2770357
2770358
2770359
2770360
2770361
2770362
2770363
2770364
2770365
2770366
2770367
2770368
2770369
2770370
2770371
2770372
2770373
2770374
2770375
2770376
2770377
2770378
2770379
2770380
2770381
2770382
2770383
2770384
2770385
2770386
2770387
2770388
2770389
2770390
2770391
2770392
2770393
2770394
2770395
2770396
2770397
2770398
2770399
2770400
2770401
2770402
2770403
2770404
2770405
2770406
2770407
2770408
2770409
2770410
2770411
2770412
2770413
2770414
2770415
2770416
2770417
2770418
2770419
2770420
2770421
2770422
2770423
2770424
2770425
2770426
2770427
2770428
2770429
2770430
2770431
2770432
2770433
2770434
2770435
2770436
2770437
2770438
2770439
2770440
2770441
2770442
2770443
2770444
2770445
2770446
2770447
2770448
2770449
2770450
2770451
2770452
2770453
2770454
2770455
2770456
2770457
2770458
2770459
2770460
2770461
2770462
2770463
2770464
2770465
2770466
2770467
2770468
2770469
2770470
2770471
2770472
2770473
2770474
2770475
2770476
2770477
2770478
2770479
2770480
2770481
2770482
2770483
2770484
2770485
2770486
2770487
2770488
2770489
2770490
2770491
2770492
2770493
2770494
2770495
2770496
2770497
2770498
2770499
2770500
2770501
2770502
2770503
2770504
2770505
2770506
2770507
2770508
2770509
2770510
2770511
2770512
2770513
2770514
2770515
2770516
2770517
2770518
2770519
2770520
2770521
2770522
2770523
2770524
2770525
2770526
2770527
2770528
2770529
2770530
2770531
2770532
2770533
2770534
2770535
2770536
2770537
2770538
2770539
2770540
2770541
2770542
2770543
2770544
2770545
2770546
2770547
2770548
2770549
2770550
2770551
2770552
2770553
2770554
2770555
2770556
2770557
2770558
2770559
2770560
2770561
2770562
2770563
2770564
2770565
2770566
2770567
2770568
2770569
2770570
2770571
2770572
2770573
2770574
2770575
2770576
2770577
2770578
2770579
2770580
2770581
2770582
2770583
2770584
2770585
2770586
2770587
2770588
2770589
2770590
2770591
2770592
2770593
2770594
2770595
2770596
2770597
2770598
2770599
2770600
2770601
2770602
2770603
2770604
2770605
2770606
2770607
2770608
2770609
2770610
2770611
2770612
2770613
2770614
2770615
2770616
2770617
2770618
2770619
2770620
2770621
2770622
2770623
2770624
2770625
2770626
2770627
2770628
2770629
2770630
2770631
2770632
2770633
2770634
2770635
2770636
2770637
2770638
2770639
2770640
2770641
2770642
2770643
2770644
2770645
2770646
2770647
2770648
2770649
2770650
2770651
2770652
2770653
2770654
2770655
2770656
2770657
2770658
2770659
2770660
2770661
2770662
2770663
2770664
2770665
2770666
2770667
2770668
2770669
2770670
2770671
2770672
2770673
2770674
2770675
2770676
2770677
2770678
2770679
2770680
2770681
2770682
2770683
2770684
2770685
2770686
2770687
2770688
2770689
2770690
2770691
2770692
2770693
2770694
2770695
2770696
2770697
2770698
2770699
2770700
2770701
2770702
2770703
2770704
2770705
2770706
2770707
2770708
2770709
2770710
2770711
2770712
2770713
2770714
2770715
2770716
2770717
2770718
2770719
2770720
2770721
2770722
2770723
2770724
2770725
2770726
2770727
2770728
2770729
2770730
2770731
2770732
2770733
2770734
2770735
2770736
2770737
2770738
2770739
2770740
2770741
2770742
2770743
2770744
2770745
2770746
2770747
2770748
2770749
2770750
2770751
2770752
2770753
2770754
2770755
2770756
2770757
2770758
2770759
2770760
2770761
2770762
2770763
2770764
2770765
2770766
2770767
2770768
2770769
2770770
2770771
2770772
2770773
2770774
2770775
2770776
2770777
2770778
2770779
2770780
2770781
2770782
2770783
2770784
2770785
2770786
2770787
2770788
2770789
2770790
2770791
2770792
2770793
2770794
2770795
2770796
2770797
2770798
2770799
2770800
2770801
2770802
2770803
2770804
2770805
2770806
2770807
2770808
2770809
2770810
2770811
2770812
2770813
2770814
2770815
2770816
2770817
2770818
2770819
2770820
2770821
2770822
2770823
2770824
2770825
2770826
2770827
2770828
2770829
2770830
2770831
2770832
2770833
2770834
2770835
2770836
2770837
2770838
2770839
2770840
2770841
2770842
2770843
2770844
2770845
2770846
2770847
2770848
2770849
2770850
2770851
2770852
2770853
2770854
2770855
2770856
2770857
2770858
2770859
2770860
2770861
2770862
2770863
2770864
2770865
2770866
2770867
2770868
2770869
2770870
2770871
2770872
2770873
2770874
2770875
2770876
2770877
2770878
2770879
2770880
2770881
2770882
2770883
2770884
2770885
2770886
2770887
2770888
2770889
2770890
2770891
2770892
2770893
2770894
2770895
2770896
2770897
2770898
2770899
2770900
2770901
2770902
2770903
2770904
2770905
2770906
2770907
2770908
2770909
2770910
2770911
2770912
2770913
2770914
2770915
2770916
2770917
2770918
2770919
2770920
2770921
2770922
2770923
2770924
2770925
2770926
2770927
2770928
2770929
2770930
2770931
2770932
2770933
2770934
2770935
2770936
2770937
2770938
2770939
2770940
2770941
2770942
2770943
2770944
2770945
2770946
2770947
2770948
2770949
2770950
2770951
2770952
2770953
2770954
2770955
2770956
2770957
2770958
2770959
2770960
2770961
2770962
2770963
2770964
2770965
2770966
2770967
2770968
2770969
2770970
2770971
2770972
2770973
2770974
2770975
2770976
2770977
2770978
2770979
2770980
2770981
2770982
2770983
2770984
2770985
2770986
2770987
2770988
2770989
2770990
2770991
2770992
2770993
2770994
2770995
2770996
2770997
2770998
2770999
2771000
2771001
2771002
2771003
2771004
2771005
2771006
2771007
2771008
2771009
2771010
2771011
2771012
2771013
2771014
2771015
2771016
2771017
2771018
2771019
2771020
2771021
2771022
2771023
2771024
2771025
2771026
2771027
2771028
2771029
2771030
2771031
2771032
2771033
2771034
2771035
2771036
2771037
2771038
2771039
2771040
2771041
2771042
2771043
2771044
2771045
2771046
2771047
2771048
2771049
2771050
2771051
2771052
2771053
2771054
2771055
2771056
2771057
2771058
2771059
2771060
2771061
2771062
2771063
2771064
2771065
2771066
2771067
2771068
2771069
2771070
2771071
2771072
2771073
2771074
2771075
2771076
2771077
2771078
2771079
2771080
2771081
2771082
2771083
2771084
2771085
2771086
2771087
2771088
2771089
2771090
2771091
2771092
2771093
2771094
2771095
2771096
2771097
2771098
2771099
2771100
2771101
2771102
2771103
2771104
2771105
2771106
2771107
2771108
2771109
2771110
2771111
2771112
2771113
2771114
2771115
2771116
2771117
2771118
2771119
2771120
2771121
2771122
2771123
2771124
2771125
2771126
2771127
2771128
2771129
2771130
2771131
2771132
2771133
2771134
2771135
2771136
2771137
2771138
2771139
2771140
2771141
2771142
2771143
2771144
2771145
2771146
2771147
2771148
2771149
2771150
2771151
2771152
2771153
2771154
2771155
2771156
2771157
2771158
2771159
2771160
2771161
2771162
2771163
2771164
2771165
2771166
2771167
2771168
2771169
2771170
2771171
2771172
2771173
2771174
2771175
2771176
2771177
2771178
2771179
2771180
2771181
2771182
2771183
2771184
2771185
2771186
2771187
2771188
2771189
2771190
2771191
2771192
2771193
2771194
2771195
2771196
2771197
2771198
2771199
2771200
2771201
2771202
2771203
2771204
2771205
2771206
2771207
2771208
2771209
2771210
2771211
2771212
2771213
2771214
2771215
2771216
2771217
2771218
2771219
2771220
2771221
2771222
2771223
2771224
2771225
2771226
2771227
2771228
2771229
2771230
2771231
2771232
2771233
2771234
2771235
2771236
2771237
2771238
2771239
2771240
2771241
2771242
2771243
2771244
2771245
2771246
2771247
2771248
2771249
2771250
2771251
2771252
2771253
2771254
2771255
2771256
2771257
2771258
2771259
2771260
2771261
2771262
2771263
2771264
2771265
2771266
2771267
2771268
2771269
2771270
2771271
2771272
2771273
2771274
2771275
2771276
2771277
2771278
2771279
2771280
2771281
2771282
2771283
2771284
2771285
2771286
2771287
2771288
2771289
2771290
2771291
2771292
2771293
2771294
2771295
2771296
2771297
2771298
2771299
2771300
2771301
2771302
2771303
2771304
2771305
2771306
2771307
2771308
2771309
2771310
2771311
2771312
2771313
2771314
2771315
2771316
2771317
2771318
2771319
2771320
2771321
2771322
2771323
2771324
2771325
2771326
2771327
2771328
2771329
2771330
2771331
2771332
2771333
2771334
2771335
2771336
2771337
2771338
2771339
2771340
2771341
2771342
2771343
2771344
2771345
2771346
2771347
2771348
2771349
2771350
2771351
2771352
2771353
2771354
2771355
2771356
2771357
2771358
2771359
2771360
2771361
2771362
2771363
2771364
2771365
2771366
2771367
2771368
2771369
2771370
2771371
2771372
2771373
2771374
2771375
2771376
2771377
2771378
2771379
2771380
2771381
2771382
2771383
2771384
2771385
2771386
2771387
2771388
2771389
2771390
2771391
2771392
2771393
2771394
2771395
2771396
2771397
2771398
2771399
2771400
2771401
2771402
2771403
2771404
2771405
2771406
2771407
2771408
2771409
2771410
2771411
2771412
2771413
2771414
2771415
2771416
2771417
2771418
2771419
2771420
2771421
2771422
2771423
2771424
2771425
2771426
2771427
2771428
2771429
2771430
2771431
2771432
2771433
2771434
2771435
2771436
2771437
2771438
2771439
2771440
2771441
2771442
2771443
2771444
2771445
2771446
2771447
2771448
2771449
2771450
2771451
2771452
2771453
2771454
2771455
2771456
2771457
2771458
2771459
2771460
2771461
2771462
2771463
2771464
2771465
2771466
2771467
2771468
2771469
2771470
2771471
2771472
2771473
2771474
2771475
2771476
2771477
2771478
2771479
2771480
2771481
2771482
2771483
2771484
2771485
2771486
2771487
2771488
2771489
2771490
2771491
2771492
2771493
2771494
2771495
2771496
2771497
2771498
2771499
2771500
2771501
2771502
2771503
2771504
2771505
2771506
2771507
2771508
2771509
2771510
2771511
2771512
2771513
2771514
2771515
2771516
2771517
2771518
2771519
2771520
2771521
2771522
2771523
2771524
2771525
2771526
2771527
2771528
2771529
2771530
2771531
2771532
2771533
2771534
2771535
2771536
2771537
2771538
2771539
2771540
2771541
2771542
2771543
2771544
2771545
2771546
2771547
2771548
2771549
2771550
2771551
2771552
2771553
2771554
2771555
2771556
2771557
2771558
2771559
2771560
2771561
2771562
2771563
2771564
2771565
2771566
2771567
2771568
2771569
2771570
2771571
2771572
2771573
2771574
2771575
2771576
2771577
2771578
2771579
2771580
2771581
2771582
2771583
2771584
2771585
2771586
2771587
2771588
2771589
2771590
2771591
2771592
2771593
2771594
2771595
2771596
2771597
2771598
2771599
2771600
2771601
2771602
2771603
2771604
2771605
2771606
2771607
2771608
2771609
2771610
2771611
2771612
2771613
2771614
2771615
2771616
2771617
2771618
2771619
2771620
2771621
2771622
2771623
2771624
2771625
2771626
2771627
2771628
2771629
2771630
2771631
2771632
2771633
2771634
2771635
2771636
2771637
29470
3248019
332124
332125
332126
332127
332128
332129
332130
332131
332132
332133
332134
332135
332136
332137
332138
332139
332140
332141
332142
332143
332144
332145
332146
332147
332148
332149
332150
332151
332152
332153
332154
332155
332156
332157
332158
332159
332160
332161
332162
332163
332164
332165
332166
332167
332168
332169
332170
332171
332172
332173
332174
332175
332176
332177
332178
332179
332180
332181
332182
332183
332184
332185
332186
332187
332188
332189
332190
332191
332192
332193
332194
332195
332196
332197
332198
332199
332200
332201
332202
332203
332204
332205
332206
332207
332208
332209
332210
332211
332212
332213
332214
332215
332216
332217
332218
332219
332220
332221
332222
332223
332224
332225
332226
332227
332228
332229
332230
332231
332232
332233
332234
332235
332236
332237
332238
332239
332240
332241
332242
332243
332244
332245
332246
332247
332248
332249
332250
332251
332252
332253
332254
332255
332256
332257
332258
332259
332260
332261
332262
332263
332264
332265
332266
332267
332268
332269
332270
332271
332272
332273
332274
332275
332276
332277
332278
332279
332280
332281
332282
332283
332284
332285
332286
332287
332288
332289
332290
332291
332292
332293
332294
332295
332296
332297
332298
332299
332300
332301
332302
332303
332304
332305
332306
332307
332308
332309
332310
332311
332312
332313
332314
332315
332316
332317
332318
332319
332320
332321
332322
332323
332324
332325
332326
332327
332328
332329
332330
332331
332332
332333
332334
332335
332336
332337
332338
332339
332340
332341
332342
332343
332344
332345
332346
332347
332348
332349
332350
332351
332352
332353
332354
332355
332356
332357
332358
332359
332360
332361
332362
332363
332364
332365
332366
332367
332368
332369
332370
332371
332372
332373
332374
332375
332376
332377
332378
332379
332380
332381
332382
332383
332384
332385
332386
332387
332388
332389
332390
332391
332392
332393
332394
332395
332396
332397
332398
332399
332400
332401
332402
332403
332404
332405
332406
332407
332408
332409
332410
332411
332412
332413
332414
332415
332416
332417
332418
332419
332420
332421
332422
332423
332424
332425
332426
332427
332428
332429
332430
332431
332432
332433
332434
332435
332436
332437
332438
332439
332440
332441
332442
332443
332444
332445
332446
332447
332448
332449
332450
332451
332452
332453
332454
332455
332456
332457
332458
332459
332460
332461
332462
332463
332464
332465
332466
332467
332468
332469
332470
332471
332472
332473
332474
332475
332476
332477
332478
332479
332480
332481
332482
332483
332484
332485
332486
332487
332488
332489
332490
332491
332492
332493
332494
332495
332496
332497
332498
332499
332500
332501
332502
332503
332504
332505
332506
332507
332508
332509
332510
332511
332512
332513
332514
332515
332516
332517
332518
332519
332520
332521
332522
332523
332524
332525
332526
332527
332528
332529
332530
332531
332532
332533
332534
332535
332536
332537
332538
332539
332540
332541
332542
332543
332544
332545
332546
332547
332548
332549
332550
332551
332552
332553
332554
332555
332556
332557
332558
332559
332560
332561
332562
332563
332564
332565
332566
332567
332568
332569
332570
332571
332572
332573
332574
332575
332576
332577
332578
332579
332580
332581
332582
332583
332584
332585
332586
332587
332588
332589
332590
332591
332592
332593
332594
332595
332596
332597
332598
332599
332600
332601
332602
332603
332604
332605
332606
332607
332608
332609
332610
332611
332612
332613
332614
332615
332616
332617
332618
332619
332620
332621
332622
332623
332624
332625
332626
332627
332628
332629
332630
332631
332632
332633
332634
332635
332636
332637
332638
332639
332640
332641
332642
332643
332644
332645
332646
332647
332648
332649
332650
332651
332652
332653
332654
332655
332656
332657
332658
332659
332660
332661
332662
332663
332664
332665
332666
332667
332668
332669
332670
332671
332672
332673
332674
332675
332676
332677
332678
332679
332680
332681
332682
332683
332684
332685
332686
332687
332688
332689
332690
332691
332692
332693
332694
332695
332696
332697
332698
332699
332700
332701
332702
332703
332704
332705
332706
332707
332708
332709
332710
332711
332712
332713
332714
332715
332716
332717
332718
332719
332720
332721
332722
332723
332724
332725
332726
332727
332728
332729
332730
332731
332732
332733
332734
332735
332736
332737
332738
332739
332740
332741
332742
332743
332744
332745
332746
332747
332748
332749
332750
332751
332752
332753
332754
332755
332756
332757
332758
332759
332760
332761
332762
332763
332764
332765
332766
332767
332768
332769
332770
332771
332772
332773
332774
332775
332776
332777
332778
332779
332780
332781
332782
332783
332784
332785
332786
332787
332788
332789
332790
332791
332792
332793
332794
332795
332796
332797
332798
332799
332800
332801
332802
332803
332804
332805
332806
332807
332808
332809
332810
332811
332812
332813
332814
332815
332816
332817
332818
332819
332820
332821
332822
332823
332824
332825
332826
332827
332828
332829
332830
332831
332832
332833
332834
332835
332836
332837
332838
332839
332840
332841
332842
332843
332844
332845
332846
332847
332848
332849
332850
332851
332852
332853
332854
332855
332856
332857
332858
332859
332860
332861
332862
332863
332864
332865
332866
332867
332868
332869
332870
332871
332872
332873
332874
332875
332876
332877
332878
332879
332880
332881
332882
332883
332884
332885
332886
332887
332888
332889
332890
332891
332892
332893
332894
332895
332896
332897
332898
332899
332900
332901
332902
332903
332904
332905
332906
332907
332908
332909
332910
332911
332912
332913
332914
332915
332916
332917
332918
332919
332920
332921
332922
332923
332924
332925
332926
332927
332928
332929
332930
332931
332932
332933
332934
332935
332936
332937
332938
332939
332940
332941
332942
332943
332944
332945
332946
332947
332948
332949
332950
332951
332952
332953
332954
332955
332956
332957
332958
332959
332960
332961
332962
332963
332964
332965
332966
332967
332968
332969
332970
332971
332972
332973
332974
332975
332976
332977
332978
332979
332980
332981
332982
332983
332984
332985
332986
332987
332988
332989
332990
332991
332992
332993
332994
332995
332996
332997
332998
332999
333000
333001
333002
333003
333004
333005
333006
333007
333008
333009
333010
333011
333012
333013
333014
333015
333016
333017
333018
333019
333020
333021
333022
333023
333024
333025
333026
333027
333028
333029
333030
333031
333032
333033
333034
333035
333036
333037
333038
333039
333040
333041
333042
333043
333044
333045
333046
333047
333048
333049
333050
333051
333052
333053
333054
333055
333056
333057
333058
333059
333060
333061
333062
333063
333064
333065
333066
333067
333068
333069
333070
333071
333072
333073
333074
333075
333076
333077
333078
333079
333080
333081
333082
333083
333084
333085
333086
333087
333088
333089
333090
333091
333092
333093
333094
333095
333096
333097
333098
333099
333100
333101
333102
333103
333104
333105
333106
333107
333108
333109
333110
333111
333112
333113
333114
333115
333116
333117
333118
333119
333120
333121
333122
333123
333124
333125
333126
333127
333128
333129
333130
333131
333132
333133
333134
333135
333136
333137
333138
333139
333140
333141
333142
333143
333144
333145
333146
333147
333148
333149
333150
333151
333152
333153
333154
333155
333156
333157
333158
333159
333160
333161
333162
333163
333164
333165
333166
333167
333168
333169
333170
333171
333172
333173
333174
333175
333176
333177
333178
333179
333180
333181
333182
333183
333184
333185
333186
333187
333188
333189
333190
333191
333192
333193
333194
333195
333196
333197
333198
333199
333200
333201
333202
333203
333204
333205
333206
333207
333208
333209
333210
333211
333212
333213
333214
333215
333216
333217
333218
333219
333220
333221
333222
333223
333224
333225
333226
333227
333228
333229
333230
333231
333232
333233
333234
333235
333236
333237
333238
333239
333240
333241
333242
333243
333244
333245
333246
333247
333248
333249
333250
333251
333252
333253
333254
333255
333256
333257
333258
333259
333260
333261
333262
333263
333264
333265
333266
333267
333268
333269
333270
333271
333272
333273
333274
333275
333276
333277
333278
333279
333280
333281
333282
333283
333284
333285
333286
333287
333288
333289
333290
333291
333292
333293
333294
333295
333296
333297
333298
333299
333300
333301
333302
333303
333304
333305
333306
333307
333308
333309
333310
333311
333312
333313
333314
333315
333316
333317
333318
333319
333320
333321
333322
333323
333324
333325
333326
333327
333328
333329
333330
333331
333332
333333
333334
333335
333336
333337
333338
333339
333340
333341
333342
333343
333344
333345
333346
333347
333348
333349
333350
333351
333352
333353
333354
333355
333356
333357
333358
333359
333360
333361
333362
333363
333364
333365
333366
333367
333368
333369
333370
333371
333372
333373
333374
333375
333376
333377
333378
333379
333380
333381
333382
333383
333384
333385
333386
333387
333388
333389
333390
333391
333392
333393
333394
333395
333396
333397
333398
333399
333400
333401
333402
333403
333404
333405
333406
333407
333408
333409
333410
333411
333412
333413
333414
333415
333416
333417
333418
333419
333420
333421
333422
333423
333424
333425
333426
333427
333428
333429
333430
333431
333432
333433
333434
333435
333436
333437
333438
333439
333440
333441
333442
333443
333444
333445
333446
333447
333448
333449
333450
333451
333452
333453
333454
333455
333456
333457
333458
333459
333460
333461
333462
333463
333464
333465
333466
333467
333468
333469
333470
333471
333472
333473
333474
333475
333476
333477
333478
333479
333480
333481
333482
333483
333484
333485
333486
333487
333488
333489
333490
333491
333492
333493
333494
333495
333496
333497
333498
333499
333500
333501
333502
333503
333504
333505
333506
333507
333508
333509
333510
333511
333512
333513
333514
333515
333516
333517
333518
333519
333520
333521
333522
333523
333524
333525
333526
333527
333528
333529
333530
333531
333532
333533
333534
333535
333536
333537
333538
333539
333540
333541
333542
333543
333544
333545
333546
333547
333548
333549
333550
333551
333552
333553
333554
333555
333556
333557
333558
333559
333560
333561
333562
333563
333564
333565
333566
333567
333568
333569
333570
333571
333572
333573
333574
333575
333576
333577
333578
333579
333580
333581
333582
333583
333584
333585
333586
333587
333588
333589
333590
333591
333592
333593
333594
333595
333596
333597
333598
333599
333600
333601
333602
333603
333604
333605
333606
333607
333608
333609
333610
333611
333612
333613
333614
333615
333616
333617
333618
333619
333620
333621
333622
333623
333624
333625
333626
333627
333628
333629
333630
333631
333632
333633
333634
333635
333636
333637
333638
333639
333640
333641
333642
333643
333644
333645
333646
333647
333648
333649
333650
333651
333652
333653
333654
333655
333656
333657
333658
333659
333660
333661
333662
333663
333664
333665
333666
333667
333668
333669
333670
333671
333672
333673
333674
333675
333676
333677
333678
333679
333680
333681
333682
333683
333684
333685
333686
333687
333688
333689
333690
333691
333692
333693
333694
333695
333696
333697
333698
333699
333700
333701
333702
333703
333704
333705
333706
333707
333708
333709
333710
333711
333712
333713
333714
333715
333716
333717
333718
333719
333720
333721
333722
333723
333724
333725
333726
333727
333728
333729
333730
333731
333732
333733
333734
333735
333736
333737
333738
333739
333740
333741
333742
333743
333744
333745
333746
333747
333748
333749
333750
333751
333752
333753
333754
333755
333756
333757
333758
333759
333760
333761
333762
333763
333764
333765
333766
333767
333768
333769
333770
333771
333772
333773
333774
333775
333776
333777
333778
333779
333780
333781
333782
333783
333784
333785
333786
333787
333788
333789
333790
333791
333792
333793
333794
333795
333796
333797
333798
333799
333800
333801
333802
333803
333804
333805
333806
333807
333808
333809
333810
333811
333812
333813
333814
333815
333816
333817
3338170
333818
333819
333820
333821
333822
333823
333824
333825
333826
333827
333828
333829
333830
333831
333832
333833
333834
333835
333836
333837
333838
333839
333840
333841
333842
333843
333844
333845
333846
333847
333848
333849
333850
333851
333852
333853
333854
333855
333856
333857
333858
333859
333860
333861
333862
333863
333864
333865
333866
333867
333868
333869
333870
333871
333872
333873
333874
333875
333876
333877
333878
333879
333880
333881
333882
333883
333884
333885
333886
333887
333888
333889
333890
333891
333892
333893
333894
333895
333896
333897
333898
333899
333900
333901
333902
333903
333904
333905
333906
333907
333908
333909
333910
333911
333912
333913
333914
333915
333916
333917
333918
333919
333920
333921
333922
333923
333924
333925
333926
333927
333928
333929
333930
333931
333932
333933
333934
333935
333936
333937
333938
333939
333940
333941
333942
333943
333944
333945
333946
333947
333948
333949
333950
333951
333952
333953
333954
333955
333956
333957
333958
333959
333960
333961
333962
333963
333964
333965
333966
333967
333968
333969
333970
333971
333972
333973
333974
333975
333976
333977
333978
333979
333980
333981
333982
333983
333984
333985
333986
333987
333988
333989
333990
333991
333992
333993
333994
333995
333996
333997
333998
333999
334000
334001
334002
334003
334004
334005
334006
334007
334008
334009
334010
334011
334012
334013
334014
334015
334016
334017
334018
334019
334020
334021
334022
334023
334024
334025
334026
334027
334028
334029
334030
334031
334032
334033
334034
334035
334036
334037
334038
334039
334040
334041
334042
334043
334044
334045
334046
334047
334048
334049
334050
334051
334052
334053
334054
334055
334056
334057
334058
334059
334060
334061
334062
334063
334064
334065
334066
334067
334068
334069
334070
334071
334072
334073
334074
334075
334076
334077
334078
334079
334080
334081
334082
334083
334084
334085
334086
334087
334088
334089
334090
334091
334092
334093
334094
334095
334096
334097
334098
334099
334100
334101
334102
334103
334104
334105
334106
334107
334108
334109
334110
334111
334112
334113
334114
334115
334116
334117
334118
334119
334120
334121
334122
334123
334124
334125
334126
334127
334128
334129
334130
334131
334132
334133
334134
334135
334136
334137
334138
334139
334140
334141
334142
334143
334144
334145
334146
334147
334148
334149
334150
334151
334152
334153
334154
334155
334156
334157
334158
334159
334160
334161
334162
334163
334164
334165
334166
334167
334168
334169
334170
334171
334172
334173
334174
334175
334176
334177
334178
334179
334180
334181
334182
334183
334184
334185
334186
334187
334188
334189
334190
334191
334192
334193
334194
334195
334196
334197
334198
334199
334200
334201
334202
334203
334204
334205
334206
334207
334208
334209
334210
334211
334212
334213
334214
334215
334216
334217
334218
334219
334220
334221
334222
334223
334224
334225
334226
334227
334228
334229
334230
334231
334232
334233
334234
334235
334236
334237
334238
334239
334240
334241
334242
334243
334244
334245
334246
334247
334248
334249
334250
334251
334252
334253
334254
334255
334256
334257
334258
334259
334260
334261
334262
334263
334264
334265
334266
334267
334268
334269
334270
334271
334272
334273
334274
334275
334276
334277
334278
334279
334280
334281
334282
334283
334284
334285
334286
334287
334288
334289
334290
334291
334292
334293
334294
334295
334296
334297
334298
334299
334300
334301
334302
334303
334304
334305
334306
334307
334308
334309
334310
334311
334312
334313
334314
334315
334316
334317
334318
334319
334320
334321
334322
334323
3772840
3772841
3772842
3772843
3772974
402148
402355
4254869
4289520
577068
608835
chrom1	100000000
chrom2	100000000
100000000
100000000
